-0.0004542680
0.0003144932
0.0010133671
0.0005590991
-0.0007338176
-0.0013278603
0.0001048311
0.0030750450
0.0051367229
0.0036690878
-0.0011880856
-0.0061500900
-0.0068489639
-0.0014326914
0.0070236824
0.0121953490
0.0092251350
-0.0011880856
-0.0119856868
-0.0146763512
-0.0058355968
0.0095396283
0.0204420606
0.0177513962
0.0016074099
-0.0174369030
-0.0252293466
-0.0143269143
0.0094347972
0.0293876461
0.0300515763
0.0086660360
-0.0208264412
-0.0368655965
-0.0259631642
0.0064296396
0.0379139073
0.0447628712
0.0194985809
-0.0218048647
-0.0495152135
-0.0417227699
-0.0013278603
0.0441688284
0.0611514634
0.0348738060
-0.0183803827
-0.0609068575
-0.0602079836
-0.0139774773
0.0464751122
0.0772954497
0.0537783441
-0.0100637837
-0.0693282876
-0.0800909452
-0.0314842677
0.0437844478
0.0917970824
0.0757229835
-0.1408580279
-0.0648904386
-0.0476631977
-0.0983315531
-0.1780031739
-0.2295800653
-0.2183980834
-0.1553247169
-0.0619901120
-0.0511925108
-0.0937189856
-0.1637810907
-0.2245831172
-0.2218575091
-0.1824060793
-0.1407881405
-0.1181446272
-0.1426052126
-0.1780381176
-0.2074956511
-0.2349264504
-0.2063774529
-0.1664717551
-0.1250285348
-0.1073120823
-0.1257274087
-0.1869837031
-0.2375472274
-0.2334937590
-0.2251422163
-0.1851316874
-0.2035470138
-0.2345770135
-0.2784662923
-0.3115929136
-0.3026473281
-0.2745525987
-0.2377568896
-0.2205645924
-0.2463530381
-0.2827643666
-0.3161705374
-0.3146679586
-0.2956585894
-0.2732946257
-0.2578495132
-0.2755659658
-0.3048487808
-0.3019135105
-0.2954489273
-0.2840922269
-0.2716173284
-0.2650129704
-0.2866431166
-0.2845115513
-0.3092866298
-0.2960080264
-0.3007953124
-0.2977552110
-0.3009350871
-0.3031015961
-0.3249064608
-0.3627155370
-0.3975543992
-0.3972399060
-0.4067445906
-0.4432258065
-0.4664284188
-0.4713904233
-0.4249153111
-0.3423084201
-0.2347167882
-0.0752337718
0.1296061586
0.3941648610
0.6366391491
0.7838569292
0.8298428297
0.7495771661
0.5117503891
0.1762210456
-0.1472177801
-0.3467812128
-0.4277457503
-0.4322884304
-0.3852542192
-0.3410155034
-0.3225652333
-0.3192805261
-0.3257101657
-0.3189310892
-0.3282610553
-0.3282610553
-0.3219711905
-0.3206083865
-0.3221808527
-0.3212373730
-0.3117676321
-0.3446845912
-0.3457678457
-0.3422385327
-0.3382549516
-0.3203637806
-0.3076792199
-0.3154716636
-0.3263740959
-0.3526517533
-0.3663147374
-0.3400720237
-0.3187563707
-0.2904869228
-0.3057573168
-0.3140389721
-0.3342364269
-0.3490176092
-0.3405262917
-0.3365427107
-0.3337472152
-0.3422734764
-0.3476897488
-0.3407708975
-0.3358438368
-0.3346208075
-0.3282959990
-0.3314059877
-0.3387441633
-0.3165898618
-0.3223206275
-0.3320349742
-0.3328386792
-0.3347955260
-0.3307071139
-0.3333977783
-0.3248715171
-0.3394779809
-0.3548881497
-0.3632047487
-0.3577535325
-0.3490176092
-0.3291346477
-0.3151571703
-0.3285406049
-0.3242774743
-0.3417493210
-0.3292394787
-0.3352148503
-0.3343063143
-0.3423783074
-0.3406660665
-0.3503454695
-0.3366125980
-0.3386043886
-0.3349702445
-0.3296588031
-0.3478994110
-0.3459425642
-0.3401768548
-0.3311264382
-0.3332929472
-0.3347605823
-0.3496465957
-0.3530011902
-0.3509744560
-0.3401419111
-0.3411203345
-0.3331531724
-0.3497514267
-0.3596404920
-0.3577535325
-0.3556918546
-0.3599899289
-0.3563557848
-0.3685161901
-0.3850445570
-0.3696343883
-0.3575788141
-0.3504852443
-0.3547833186
-0.3711020234
-0.3733384198
-0.3648121586
-0.3645675527
-0.3578583636
-0.3557966857
-0.3600248726
-0.3659653005
-0.3528963591
-0.3295190283
-0.3245570238
-0.3230195013
-0.3310216071
-0.3349702445
-0.3106144902
-0.2975804926
-0.2994325083
-0.2897880490
-0.2933872494
-0.2862237922
-0.2798290963
-0.2702894681
-0.2523633534
-0.2494630268
-0.2500221259
-0.2636851100
-0.2512800989
-0.2396438490
-0.2249325541
-0.2420899075
-0.2443263039
-0.2551239051
-0.2536562700
-0.2362193670
-0.2446058535
-0.2499871822
-0.2421248512
-0.2542852565
-0.2499172948
-0.2485544908
-0.2613089389
-0.2547744682
-0.2550889615
-0.2620078127
-0.2690664388
-0.2648731956
-0.2587929930
-0.2716522721
-0.2750767541
-0.2851055940
-0.2716522721
-0.2686471145
-0.2595966979
-0.2789205603
-0.2771034883
-0.2803532517
-0.2698002564
-0.2709883419
-0.2630910672
-0.2696255379
-0.2844416639
-0.2877613147
-0.2757756279
-0.2699749748
-0.2808075198
-0.2777674184
-0.2995023957
-0.2996421705
-0.3033112583
-0.2915352336
-0.2957634205
-0.3064561907
-0.3080985443
-0.3044294565
-0.2944355602
-0.2834282968
-0.2820305490
-0.2862587359
-0.2916750084
-0.3078539384
-0.2890192877
-0.2942957854
-0.2985938597
-0.3025774407
-0.3069454024
-0.3223206275
-0.3081684317
-0.2987336344
-0.2886349071
-0.3079587695
-0.3221109653
-0.3267235328
-0.3119772942
-0.2976853236
-0.3034160894
-0.3084829249
-0.3179177221
-0.3272476882
-0.3218314158
-0.3119772942
-0.3075394452
-0.3030666524
-0.3030666524
-0.3076792199
-0.2970213935
-0.3017737358
-0.2871323283
-0.2978250984
-0.2983143101
-0.3031365398
-0.3022629475
-0.2865382855
-0.2764745018
-0.2923389386
-0.3033462020
-0.3137244789
-0.3030317087
-0.2918846706
-0.2860840175
-0.2760901212
-0.2668999298
-0.2727355266
-0.2728753014
-0.2670397046
-0.2456541643
-0.2448854030
-0.2506860561
-0.2229058199
-0.2202500992
-0.2066220588
-0.2019046602
-0.2067618336
-0.2169653920
-0.2329696036
-0.2241987365
-0.2296499527
-0.2281823176
-0.2245481735
-0.2251422163
-0.2275533311
-0.2333539842
-0.2319911802
-0.2205995361
-0.2115491195
-0.2040012818
-0.2398884548
-0.2770685446
-0.2779421369
-0.2969515061
-0.3113832514
-0.3328037355
-0.3301480148
-0.3200492874
-0.3063863033
-0.3118724631
-0.3111735893
-0.3264439833
-0.3437061678
-0.3461522263
-0.3354594562
-0.3307420576
-0.3404913480
-0.3400370800
-0.3561461226
-0.3344111454
-0.3374512467
-0.3266536454
-0.3111037019
-0.3347605823
-0.3486332286
-0.3399671926
-0.3342014832
-0.3284707175
-0.3281911679
-0.3420987579
-0.3545037690
-0.3521974853
-0.3784401990
-0.4287591174
-0.4493409528
-0.4747450179
-0.5032940153
-0.5245397809
-0.4963052767
-0.4123006378
-0.3033112583
-0.1650740074
-0.0162488174
0.2403427229
0.4998695334
0.7290652181
0.8784844508
0.9371199683
0.8998001038
0.7531064791
0.4945930357
0.1745786920
-0.1005679495
-0.2657118442
-0.3919983520
-0.4548620563
-0.4772260201
-0.4511929685
-0.4161793878
-0.3808862575
-0.3853241066
-0.3859530931
-0.3935708182
-0.3815152440
-0.3763435774
-0.3718008972
-0.3859530931
-0.3793836787
-0.3844505142
-0.3875954466
-0.3765881832
-0.3922429579
-0.4028308969
-0.4012933744
-0.3937455367
-0.3931864376
-0.3914741966
-0.4062903226
-0.3928020569
-0.3786149174
-0.3669087802
-0.3838215278
-0.3877701651
-0.4059408856
-0.4109028901
-0.4077579577
-0.3840661336
-0.3825286111
-0.3892028565
-0.4027260659
-0.4152708518
-0.3999305704
-0.4071639149
-0.3990220344
-0.4026212348
-0.4089809870
-0.4068843654
-0.3988822596
-0.3985677664
-0.3915091403
-0.3848348949
-0.4002800073
-0.4079676199
-0.3912645344
-0.3937804804
-0.3895173498
-0.3886787011
-0.4123705252
-0.4065698721
-0.3965410321
-0.3915790277
-0.3755049287
-0.3878749962
-0.3899716178
-0.4034948271
-0.3942347484
-0.3865471358
-0.3888883633
-0.3847650075
-0.4038792077
-0.4118463698
-0.4098895230
-0.3945492416
-0.3909849849
-0.4032851650
-0.4148515275
-0.4194990387
-0.4172975860
-0.4050672933
-0.4093304239
-0.4205124058
-0.4179615162
-0.4346646016
-0.4294929350
-0.4275360881
-0.4153057955
-0.4244959868
-0.4455670339
-0.4526256600
-0.4492710654
-0.4343151646
-0.4429812006
-0.4459863582
-0.4497952208
-0.4652403333
-0.4567839595
-0.4534643086
-0.4491312906
-0.4533594775
-0.4666730247
-0.4702372814
-0.4549319437
-0.4461261330
-0.4427715384
-0.4387879574
-0.4335464034
-0.4371456038
-0.4055914487
-0.3900065615
-0.3657905820
-0.3623661000
-0.3587319559
-0.3637638478
-0.3374861904
-0.3208879360
-0.3101252785
-0.3157512131
-0.3272476882
-0.3284357738
-0.3184768212
-0.3075045015
-0.2961827448
-0.2955887020
-0.3160307627
-0.3170441298
-0.3128508866
-0.3029618213
-0.3023328349
-0.2914653462
-0.3159608753
-0.3260945463
-0.3017387921
-0.3074346141
-0.2978250984
-0.2975455489
-0.3168694113
-0.3211674856
-0.3059320353
-0.3012845241
-0.3121170690
-0.3027521592
-0.3126761681
-0.3120122379
-0.3061416974
-0.2906616413
-0.2860141301
-0.3020183416
-0.3078189947
-0.3177779473
-0.3119423505
-0.2960429701
-0.3106843776
-0.3111037019
-0.3119772942
-0.3276320688
-0.3125014496
-0.3167995239
-0.3109988708
-0.3207481613
-0.3313361003
-0.3372066408
-0.3328037355
-0.3328037355
-0.3271428571
-0.3214120914
-0.3411902219
-0.3465715506
-0.3423433638
-0.3331531724
-0.3284008301
-0.3280164495
-0.3423783074
-0.3418541520
-0.3417842647
-0.3173935667
-0.3282261116
-0.3337122715
-0.3384296701
-0.3526168096
-0.3317554247
-0.3264439833
-0.3269681387
-0.3329784539
-0.3538747826
-0.3589765618
-0.3533855708
-0.3473053682
-0.3364378796
-0.3413649403
-0.3421337016
-0.3431121250
-0.3436013367
-0.3283309427
-0.3273874630
-0.3314059877
-0.3410853908
-0.3465016633
-0.3473403119
-0.3381501205
-0.3284357738
-0.3429024628
-0.3419589831
-0.3511142308
-0.3459425642
-0.3366125980
-0.3277718436
-0.3386393323
-0.3385345012
-0.3374512467
-0.3260246590
-0.3303227332
-0.3258499405
-0.3323494675
-0.3438459426
-0.3441953795
-0.3379404584
-0.3260945463
-0.3097758415
-0.2898579363
-0.2962526322
-0.2928630940
-0.2834632405
-0.2723511460
-0.2601907407
-0.2587580493
-0.2596316416
-0.2525380718
-0.2509306619
-0.2433129368
-0.2291257973
-0.2186077456
-0.2428586688
-0.2475411237
-0.2422995697
-0.2453047273
-0.2312923063
-0.2368483535
-0.2402378918
-0.2684025086
-0.2745176550
-0.2694158757
-0.2541804254
-0.2233251442
-0.2108153020
-0.2171750542
-0.2555082858
-0.2690664388
-0.2866780602
-0.2926534318
-0.3055825983
-0.3102999969
-0.3242075869
-0.3171839045
-0.3327687918
-0.3435663930
-0.3663496811
-0.3735830256
-0.3503105258
-0.3260596026
-0.3330483413
-0.3504153569
-0.3744566179
-0.3899017304
-0.3871761223
-0.3614575640
-0.3439507736
-0.3440905484
-0.3722551653
-0.3942696921
-0.3978339488
-0.3864073611
-0.3491573840
-0.3482837916
-0.3655110324
-0.3931165502
-0.4172975860
-0.4545475631
-0.4807553331
-0.4883031709
-0.4996249275
-0.5281739250
-0.5538924833
-0.5293270669
-0.4251249733
-0.2696954253
-0.0931598865
0.1379227577
0.4383336894
0.7105800043
0.8848791467
0.9409987182
0.8273967711
0.5120299387
0.0644361705
-0.2914653462
-0.4757234413
-0.5004635762
-0.4615013581
-0.4388578448
-0.4070241401
-0.3796632282
-0.3677823725
-0.3634493545
-0.3861976989
-0.4181711783
-0.4186603900
-0.4203376873
-0.3842757958
-0.3706128117
-0.3674678793
-0.3967506943
-0.4128597369
-0.4207570116
-0.4166336558
-0.4137333293
-0.3849047823
-0.3933611560
-0.3982882168
-0.4074085208
-0.4220499283
-0.4370757164
-0.4229584643
-0.4198834193
-0.3956674398
-0.3913344218
-0.4075832392
-0.4176120792
-0.4410942412
-0.4359225745
-0.4098196356
-0.3941998047
-0.3911946471
-0.4040189825
-0.4331620228
-0.4336512345
-0.4071988586
-0.3888883633
-0.3832274850
-0.3823189489
-0.3861976989
-0.4180663472
-0.4144322031
-0.3963663137
-0.3968205817
-0.3883991516
-0.4022717978
-0.4190797143
-0.4293881039
-0.4270119327
-0.4277806940
-0.4170529801
-0.4242164373
-0.4188700522
-0.4128946806
-0.4099244667
-0.3974845119
-0.3988822596
-0.4087014374
-0.4223993652
-0.4058709983
-0.4001751762
-0.3908102664
-0.3973447371
-0.3987774285
-0.4040189825
-0.3827033296
-0.3960168767
-0.3849746696
-0.3856036561
-0.3972399060
-0.4138032167
-0.4039490951
-0.4027260659
-0.4060107730
-0.4100642415
-0.4154455702
-0.4168782617
-0.4232030702
-0.4135586108
-0.4127549059
-0.4063951537
-0.4304014710
-0.4255093539
-0.4314497818
-0.4176470229
-0.4182410657
-0.4178566851
-0.4167035432
-0.4206521805
-0.4203726310
-0.4111474960
-0.3923827326
-0.3932213813
-0.3880147710
-0.3719057283
-0.3557966857
-0.3354245125
-0.3311963256
-0.3273525193
-0.3331881161
-0.3330483413
-0.3219013031
-0.3156813257
-0.3004109317
-0.3011098056
-0.3123616749
-0.3081684317
-0.3028220466
-0.2966370128
-0.2955537584
-0.2953790399
-0.3062465285
-0.3075743889
-0.3082732627
-0.3127809992
-0.2966370128
-0.3006555376
-0.3106494339
-0.3164850307
-0.3225302896
-0.3080636006
-0.3027172155
-0.3017737358
-0.3158560442
-0.3206782739
-0.3011796930
-0.3072948393
-0.2930727561
-0.3080286569
-0.3221459090
-0.3260246590
-0.3153318888
-0.3157162694
-0.3169742424
-0.3231243324
-0.3483536790
-0.3474451430
-0.3360884426
-0.3301480148
-0.3255354472
-0.3320000305
-0.3385345012
-0.3588717307
-0.3477945799
-0.3461172826
-0.3501008637
-0.3555171361
-0.3520577105
-0.3636590167
-0.3541543321
-0.3481789605
-0.3365077670
-0.3505201880
-0.3457678457
-0.3621214942
-0.3636590167
-0.3492971587
-0.3537000641
-0.3472354808
-0.3660351878
-0.3757844783
-0.3667690054
-0.3583126316
-0.3642530595
-0.3590813929
-0.3628203681
-0.3765881832
-0.3662099063
-0.3619467757
-0.3480741295
-0.3487730033
-0.3484585101
-0.3672931608
-0.3610731834
-0.3406311228
-0.3412950529
-0.3376259651
-0.3536301767
-0.3634842982
-0.3573691519
-0.3509744560
-0.3504852443
-0.3512540056
-0.3726395459
-0.3835419782
-0.3533156835
-0.3571594897
-0.3510093997
-0.3558665731
-0.3566003906
-0.3676775414
-0.3581379131
-0.3427626881
-0.3517781610
-0.3410155034
-0.3410504471
-0.3417143773
-0.3374163030
-0.3075743889
-0.3019135105
-0.3009001434
-0.3052331614
-0.3006205939
-0.2864683981
-0.2818558306
-0.2713727226
-0.2752864162
-0.2745875423
-0.2703593554
-0.2623223060
-0.2544949187
-0.2456541643
-0.2607148961
-0.2656419568
-0.2765094455
-0.2832885220
-0.2700798059
-0.2748670919
-0.2760202338
-0.2744827113
-0.2635802789
-0.2677385784
-0.2682627338
-0.2669698172
-0.2625669118
-0.2457240516
-0.2570108646
-0.2673192541
-0.2938764611
-0.2998867763
-0.3466414380
-0.3707176428
-0.3901812799
-0.3846601764
-0.3664195685
-0.3501707511
-0.3609683523
-0.3852891629
-0.4028308969
-0.4092605365
-0.3879798273
-0.3717310099
-0.3621564379
-0.3764833522
-0.4020970794
-0.4130693991
-0.3928719443
-0.3824936674
-0.3790691855
-0.3705778680
-0.3921381268
-0.3979737236
-0.4121259194
-0.4107980590
-0.4173325297
-0.4174723045
-0.4353634754
-0.4483974731
-0.4933700064
-0.5199971007
-0.5477074496
-0.5572470779
-0.5972226630
-0.6217880795
-0.6008218635
-0.5587147130
-0.5015118870
-0.4079326762
-0.2910460219
-0.1170963164
0.1104220710
0.4002101199
0.6552990814
0.8077234718
0.8387534715
0.7469563890
0.4686298715
0.0816284677
-0.2754611347
-0.4767018647
-0.5174811548
-0.4929506821
-0.4335114597
-0.4004197821
-0.3782654805
-0.3727793207
-0.3850445570
-0.3979737236
-0.3986376537
-0.4121958068
-0.4079326762
-0.3975543992
-0.3856385998
-0.3788944670
-0.3883991516
-0.3984978790
-0.4149563585
-0.4248104801
-0.4120909757
-0.3895872372
-0.3696693319
-0.3905656606
-0.4139080477
-0.4216655477
-0.4198484756
-0.4104486221
-0.3740722373
-0.3624359874
-0.3747711112
-0.3952131718
-0.4124404126
-0.4130693991
-0.4022717978
-0.3832624287
-0.3761339152
-0.3903210547
-0.4020970794
-0.4077230140
-0.4048925748
-0.3876303903
-0.3666641743
-0.3698091067
-0.3814104129
-0.3844155705
-0.3878051088
-0.3810609760
-0.3874556719
-0.3904258858
-0.3855337687
-0.3762736900
-0.3722202216
-0.3795583972
-0.3940600299
-0.4036346019
-0.3943395795
-0.3893775750
-0.3615973388
-0.3713815729
-0.3820044557
-0.3918585772
-0.3758893094
-0.3802922147
-0.3709273049
-0.3776364940
-0.3891679128
-0.3793487350
-0.3728492080
-0.3707525864
-0.3695994446
-0.3703332621
-0.3774268319
-0.3893076876
-0.3895872372
-0.3630300302
-0.3658604694
-0.3695295572
-0.3800825526
-0.3870014039
-0.3889233070
-0.3743867306
-0.3632746361
-0.3814104129
-0.3749807733
-0.3849746696
-0.3713116855
-0.3730239265
-0.3640084536
-0.3686909085
-0.3822490616
-0.3907054353
-0.3800126652
-0.3806416517
-0.3672232734
-0.3636939604
-0.3690403455
-0.3729889828
-0.3461522263
-0.3298335215
-0.3149475082
-0.3115579699
-0.3185117649
-0.3244871364
-0.3136196478
-0.2915701773
-0.2797941527
-0.2946102786
-0.2911508530
-0.2832885220
-0.2845115513
-0.2789205603
-0.2669698172
-0.2752165288
-0.2847561571
-0.2908363598
-0.2926883755
-0.2889494003
-0.2787108982
-0.2873419904
-0.2907315287
-0.3049186682
-0.2905568102
-0.2821703238
-0.2786759545
-0.2739585559
-0.2928630940
-0.3011796930
-0.2949946593
-0.2901724296
-0.2915701773
-0.2832535783
-0.2990481277
-0.3033811457
-0.2966719565
-0.2901025422
-0.2950296030
-0.3014242988
-0.3132352672
-0.3091119114
-0.3134798730
-0.2917798395
-0.2953091525
-0.3052331614
-0.3265488144
-0.3383248390
-0.3292045351
-0.3187214270
-0.3171489608
-0.3107892087
-0.3204686117
-0.3314059877
-0.3279116184
-0.3139690847
-0.3187913144
-0.3177779473
-0.3265138707
-0.3410155034
-0.3365077670
-0.3327687918
-0.3288900418
-0.3342014832
-0.3434266182
-0.3470258187
-0.3410155034
-0.3363330485
-0.3326290170
-0.3340267647
-0.3292045351
-0.3332929472
-0.3370668661
-0.3315108188
-0.3169392987
-0.3380452895
-0.3387791070
-0.3484934538
-0.3624010437
-0.3563557848
-0.3410504471
-0.3419240394
-0.3481090732
-0.3488428907
-0.3482488479
-0.3369620350
-0.3359836116
-0.3411902219
-0.3423783074
-0.3785799738
-0.3588018433
-0.3578583636
-0.3413299966
-0.3404564043
-0.3460124516
-0.3524071474
-0.3437411115
-0.3289948729
-0.3279465621
-0.3312312693
-0.3302179022
-0.3355642872
-0.3271079134
-0.3187913144
-0.2894036683
-0.2884601886
-0.2966020692
-0.3000614948
-0.2799339274
-0.2764745018
-0.2733994568
-0.2792699973
-0.2733295694
-0.2661311686
-0.2589327677
-0.2432081057
-0.2247228919
-0.2426490066
-0.2402728355
-0.2559974975
-0.2548094119
-0.2436973174
-0.2345420698
-0.2575350200
-0.2708835108
-0.2667601550
-0.2579194006
-0.2655371258
-0.2537960448
-0.2671794794
-0.2473314615
-0.2510005493
-0.2521886349
-0.2712678915
-0.2784313486
-0.2891590625
-0.2999217200
-0.3142835780
-0.3343412580
-0.3530011902
-0.3389538255
-0.3362631611
-0.3350051881
-0.3432169561
-0.3359836116
-0.3368222602
-0.3433567309
-0.3571594897
-0.3651266518
-0.3568100528
-0.3565305033
-0.3519878231
-0.3582776879
-0.3726395459
-0.3947589038
-0.3842757958
-0.3694946135
-0.3459425642
-0.3485633412
-0.3493670461
-0.3758543657
-0.3964362011
-0.3781257057
-0.3580680258
-0.3318951994
-0.3313710440
-0.3556219672
-0.3882244331
-0.4116716514
-0.4464755699
-0.4473491623
-0.4692938017
-0.4901551866
-0.5466241951
-0.5542768639
-0.4906094546
-0.3740372936
-0.2270990631
-0.0430855739
0.2094175542
0.4965149388
0.7102305673
0.8069896542
0.7598855556
0.5240505692
0.1530184332
-0.1766753136
-0.3959819330
-0.4902600177
-0.4894563128
-0.4699227882
-0.4242863247
-0.3966808069
-0.3695994446
-0.3650917081
-0.3862326426
-0.4099244667
-0.4428414258
-0.4407448042
-0.4052769555
-0.3776015503
-0.3803621021
-0.3885039827
-0.4159347819
-0.4200581378
-0.4010487686
-0.3934310434
-0.3814104129
-0.3721503342
-0.3766930143
-0.3916489151
-0.3960867641
-0.4049974059
-0.3959819330
-0.3905656606
-0.4047528001
-0.3909849849
-0.3931864376
-0.4024115726
-0.4137333293
-0.4130693991
-0.4196038697
-0.3980436110
-0.3864073611
-0.3954927213
-0.4086315500
-0.4215257729
-0.4237971129
-0.4026911222
-0.4062553789
-0.3874556719
-0.3985677664
-0.4097497482
-0.4280252998
-0.4224692526
-0.4041937010
-0.3847300638
-0.3811658071
-0.3860928678
-0.4013283181
-0.4053118992
-0.4078977325
-0.4132091739
-0.4049275185
-0.4135236671
-0.4271517075
-0.4099244667
-0.4038093204
-0.3957373272
-0.3894125187
-0.4112872707
-0.3986376537
-0.3984629353
-0.3959819330
-0.3942347484
-0.3960518204
-0.4050672933
-0.4168782617
-0.4087363811
-0.3929767754
-0.3902511673
-0.3989521470
-0.4062903226
-0.4256840724
-0.4223294778
-0.4188351085
-0.4127898495
-0.4198834193
-0.4485372478
-0.4460911893
-0.4507037568
-0.4326378674
-0.4392771691
-0.4629340495
-0.4495156713
-0.4578322703
-0.4402905362
-0.4353984191
-0.4230632954
-0.4250201422
-0.4385433515
-0.4444488357
-0.4421076083
-0.4295278787
-0.4200231941
-0.4083520005
-0.4206521805
-0.4140478225
-0.3995112461
-0.3767629017
-0.3690054018
-0.3647073275
-0.3633794671
-0.3610382397
-0.3393382061
-0.3244871364
-0.3115230262
-0.3038703574
-0.3048487808
-0.3187913144
-0.3063164159
-0.3043595691
-0.2993276772
-0.3061067537
-0.3134449293
-0.3196998505
-0.3136895352
-0.3014242988
-0.2996072268
-0.2896832179
-0.3064561907
-0.3184768212
-0.3093914609
-0.3134798730
-0.2915002899
-0.2949247719
-0.2998518326
-0.2962875759
-0.2830439161
-0.2789555040
-0.2884252449
-0.2918846706
-0.3004808191
-0.3201191748
-0.3009350871
-0.2973358867
-0.2983143101
-0.3132702109
-0.3222157964
-0.3308818323
-0.3202938932
-0.3108590960
-0.3173236793
-0.3335375530
-0.3285755486
-0.3374861904
-0.3210975982
-0.3204686117
-0.3161006500
-0.3125014496
-0.3337821589
-0.3338869900
-0.3427626881
-0.3313361003
-0.3206083865
-0.3261644337
-0.3125014496
-0.3336423841
-0.3287153233
-0.3278766747
-0.3268283639
-0.3264090396
-0.3317204810
-0.3374512467
-0.3281212806
-0.3184069338
-0.3133051546
-0.3230544450
-0.3328386792
-0.3526866970
-0.3423433638
-0.3372066408
-0.3322096927
-0.3176032289
-0.3229845576
-0.3480391858
-0.3275621815
-0.3118375195
-0.3114181951
-0.3265138707
-0.3272127445
-0.3330832850
-0.3333628346
-0.3279815058
-0.3270030824
-0.3262343211
-0.3361583300
-0.3368572039
-0.3379055147
-0.3237183752
-0.3235436567
-0.3224604022
-0.3412950529
-0.3457329020
-0.3360534989
-0.3272476882
-0.3185816523
-0.3090769677
-0.3032064272
-0.3016339610
-0.2702894681
-0.2652226325
-0.2515247047
-0.2581640065
-0.2638248848
-0.2580591754
-0.2462132633
-0.2294752342
-0.2288811914
-0.2149386578
-0.2322008423
-0.2342275765
-0.2200054933
-0.2291956847
-0.2232552568
-0.2339829707
-0.2467374187
-0.2605052339
-0.2476459548
-0.2360446486
-0.2302789392
-0.2427538377
-0.2427887814
-0.2387702567
-0.2253518784
-0.2082993561
-0.2022890408
-0.2141000092
-0.2255615406
-0.2574301889
-0.2556131169
-0.2768938261
-0.2873419904
-0.3194901883
-0.3381151769
-0.3386043886
-0.3272826319
-0.3274922941
-0.3380802332
-0.3505551317
-0.3509395123
-0.3667690054
-0.3468161565
-0.3279465621
-0.3200492874
-0.3290997040
-0.3526517533
-0.3810609760
-0.3697042756
-0.3755398724
-0.3348654134
-0.3188262581
-0.3406660665
-0.3741071810
-0.3698440504
-0.3616672262
-0.3595007172
-0.3431820124
-0.3343412580
-0.3579631947
-0.3802572710
-0.4028308969
-0.4430510880
-0.4685599841
-0.4723688467
-0.4908890042
-0.5208706931
-0.5260773034
-0.4994502091
-0.4229235206
-0.3118724631
-0.1618591876
0.0564340648
0.3400021363
0.6127027192
0.7996864223
0.8687002167
0.7762392041
0.5140916166
0.1430245369
-0.1905479598
-0.4046829127
-0.4962703330
-0.5033988464
-0.4689443648
-0.4091906491
-0.3812007508
-0.3729190954
-0.3735480819
-0.3923827326
-0.3992316965
-0.3973447371
-0.3959819330
-0.3799777215
-0.3806416517
-0.3881196020
-0.3987774285
-0.3949685659
-0.4050672933
-0.4171228675
-0.4035297708
-0.3991967528
-0.3890281381
-0.3814453566
-0.3959120457
-0.4120560320
-0.4272215949
-0.4165637684
-0.4027959532
-0.3808163701
-0.3750856044
-0.3873857845
-0.4188700522
-0.4263130589
-0.4083869442
-0.3863025300
-0.3786149174
-0.3804669332
-0.4000004578
-0.4152359081
-0.4188351085
-0.4037743767
-0.3840311899
-0.3814453566
-0.3961566515
-0.4178217414
-0.4162492752
-0.4104835658
-0.4132091739
-0.4016777551
-0.4061156041
-0.4155504013
-0.4203376873
-0.4125452437
-0.4031803339
-0.3994763024
-0.4062903226
-0.4112872707
-0.4069891964
-0.3950733970
-0.3851493881
-0.4062903226
-0.4172276986
-0.4176470229
-0.4124404126
-0.4119512009
-0.4017476424
-0.4168782617
-0.4123006378
-0.4226789148
-0.4076880703
-0.3974146245
-0.4020621357
-0.3968205817
-0.3969254128
-0.4072687460
-0.3974845119
-0.3924875637
-0.3923477889
-0.4022019105
-0.4069193091
-0.4218402661
-0.4218402661
-0.4070590838
-0.4073735771
-0.4175072481
-0.4274312571
-0.4420377209
-0.4366913358
-0.4315546129
-0.4268372143
-0.4273963134
-0.4476985992
-0.4425618763
-0.4420027772
-0.4314497818
-0.4313449507
-0.4417581713
-0.4373203223
-0.4476636555
-0.4275011444
-0.4270119327
-0.4116017640
-0.3965410321
-0.3968555254
-0.3821092868
-0.3621564379
-0.3320699179
-0.3270380261
-0.3220061342
-0.3270729698
-0.3270380261
-0.3067357402
-0.2915002899
-0.2816112247
-0.2871323283
-0.2876215400
-0.3076792199
-0.2921642201
-0.2814365062
-0.2760901212
-0.2964273507
-0.2871323283
-0.2927233192
-0.2877613147
-0.2772083193
-0.2714426099
-0.2710931730
-0.2862587359
-0.2869925535
-0.2826595355
-0.2678084658
-0.2674939726
-0.2667601550
-0.2711630604
-0.2861189611
-0.2815413373
-0.2724210334
-0.2729451888
-0.2878661458
-0.2920943327
-0.3012146367
-0.2906616413
-0.2909761345
-0.2820654927
-0.2881107517
-0.2983841975
-0.3025075533
-0.3060718101
-0.2901374859
-0.2954489273
-0.3018086795
-0.3082732627
-0.3237882626
-0.3229496139
-0.3113133641
-0.3050933866
-0.3102999969
-0.3118025758
-0.3235786004
-0.3192455824
-0.3084479812
-0.3167296365
-0.3104048280
-0.3255354472
-0.3270380261
-0.3189310892
-0.3099156163
-0.3094962920
-0.3078539384
-0.3262343211
-0.3306372265
-0.3265488144
-0.3183719901
-0.3247666860
-0.3249763482
-0.3286104923
-0.3316855373
-0.3254306162
-0.3208529923
-0.3227748955
-0.3199444563
-0.3256752220
-0.3294491409
-0.3219362468
-0.3099505600
-0.2998518326
-0.3217265847
-0.3142486343
-0.3354245125
-0.3295539720
-0.3072598956
-0.3151571703
-0.3246967986
-0.3262343211
-0.3335724967
-0.3300781274
-0.3297636341
-0.3178128910
-0.3156463820
-0.3247317423
-0.3257101657
-0.3228098392
-0.3146330149
-0.3148077334
-0.3133750420
-0.3262343211
-0.3248365734
-0.3151222266
-0.3119772942
-0.3040800195
-0.3049885556
-0.2939812922
-0.3118025758
-0.2949247719
-0.2695905942
-0.2512102115
-0.2534815516
-0.2596665853
-0.2637200537
-0.2512800989
-0.2290908536
-0.2235348064
-0.2197958312
-0.2172449416
-0.2193765069
-0.2151483200
-0.1995983764
-0.2037217322
-0.2041061129
-0.2264351329
-0.2397836238
-0.2470519120
-0.2366386914
-0.2179787591
-0.2368134098
-0.2310477004
-0.2389449751
-0.2270990631
-0.2088235115
-0.2047350993
-0.2255615406
-0.2554383984
-0.2675638600
-0.2723162023
-0.2888096255
-0.3013893551
-0.3250462355
-0.3384646138
-0.3290647603
-0.3143185217
-0.3159958190
-0.3153668325
-0.3281911679
-0.3442652669
-0.3557966857
-0.3476548051
-0.3317903684
-0.3055825983
-0.3071550645
-0.3243473617
-0.3473053682
-0.3569148839
-0.3561461226
-0.3351449629
-0.3265837580
-0.3250462355
-0.3404214606
-0.3392683187
-0.3518829920
-0.3542242195
-0.3443351543
-0.3339918210
-0.3341315958
-0.3467812128
-0.3655459761
-0.4158648946
-0.4618507950
-0.4890020447
-0.4876741844
-0.4993803217
-0.5136722922
-0.4964799951
-0.4237621693
-0.2982094790
-0.1480564287
0.0683149205
0.3190708640
0.6030582598
0.8224347667
0.9396009705
0.9023509934
0.7595011750
0.4445187231
0.0366908780
-0.2712678915
-0.4292483291
-0.4716000855
-0.4408146916
-0.3969603565
-0.3643578906
-0.3470957060
-0.3473053682
-0.3617021699
-0.3770075076
-0.3872809534
-0.3866170232
-0.3720804468
-0.3606189154
-0.3640783410
-0.3653363140
-0.3684463027
-0.3788245796
-0.3856385998
-0.3941998047
-0.3893426313
-0.3665942869
-0.3648820460
-0.3802572710
-0.3901463363
-0.4089809870
-0.4206521805
-0.3977990051
-0.3798379467
-0.3607586901
-0.3831575976
-0.3965060884
-0.4112523270
-0.4106233406
-0.3955975524
-0.3785799738
-0.3730239265
-0.3825286111
-0.4034249397
-0.3975893429
-0.3939202551
-0.3768327891
-0.3666292306
-0.3654062014
-0.3770424512
-0.3799078341
-0.3731287576
-0.3759941404
-0.3721852779
-0.3702284310
-0.3756796472
-0.3618419446
-0.3882593768
-0.3808862575
-0.3803970458
-0.3895872372
-0.3946890164
-0.3888534196
-0.3804319895
-0.3701236000
-0.3713466292
-0.3824587237
-0.3927671133
-0.3873508408
-0.3818297372
-0.3717659536
-0.3772171697
-0.3827033296
-0.3879099399
-0.3776015503
-0.3769725639
-0.3666641743
-0.3668388928
-0.3624010437
-0.3878400525
-0.3627504807
-0.3621913816
-0.3567401654
-0.3716960662
-0.3771123386
-0.3976242866
-0.3877352214
-0.3724997711
-0.3720455031
-0.3666991180
-0.3818297372
-0.3872809534
-0.3874906156
-0.3874207282
-0.3870712912
-0.3719406720
-0.3819345683
-0.3922429579
-0.3775316630
-0.3675377667
-0.3723250526
-0.3720455031
-0.3868965728
-0.4020621357
-0.3722901090
-0.3675377667
-0.3576836451
-0.3727094333
-0.3825635548
-0.3772870571
-0.3669786676
-0.3569498276
-0.3424132511
-0.3430771813
-0.3283309427
-0.3278067873
-0.3119074068
-0.3065610218
-0.2919196142
-0.2828342540
-0.2835680715
-0.2934571368
-0.2775577563
-0.2664806055
-0.2761250649
-0.2767191076
-0.2778023621
-0.2883553575
-0.2879010895
-0.2768239387
-0.2709533982
-0.2759852901
-0.2817509995
-0.2877263710
-0.2881107517
-0.2775927000
-0.2765443892
-0.2808424635
-0.2860490738
-0.2969515061
-0.2926534318
-0.2829041414
-0.2773830378
-0.2815413373
-0.2809472945
-0.2911159093
-0.2816811121
-0.2773830378
-0.2728403577
-0.2775577563
-0.2868527787
-0.3062115848
-0.3010399182
-0.2815413373
-0.2673192541
-0.2678084658
-0.2726656392
-0.2819606616
-0.2811220130
-0.2659564501
-0.2616234321
-0.2624620808
-0.2628115177
-0.2771733757
-0.2607148961
-0.2397836238
-0.2299295022
-0.2309079257
-0.2467374187
-0.2470169683
-0.2419850764
-0.2122130497
-0.2179787591
-0.2444660787
-0.2563469344
-0.2334238716
-0.2096621601
-0.2148338267
-0.2238842433
-0.2316417432
-0.2379316080
-0.2337383648
-0.2362193670
-0.2424044008
-0.2671794794
-0.2875167089
-0.3196649068
-0.3215868099
-0.3148426771
-0.2991879025
-0.3188961455
-0.3347955260
-0.3480391858
-0.3677124851
-0.3699488815
-0.3563557848
-0.3378006836
-0.3405612354
-0.3667690054
-0.3873857845
-0.3849047823
-0.3785799738
-0.3638337352
-0.3523722037
-0.3523722037
-0.3679221473
-0.3604092532
-0.3612129582
-0.3674329356
-0.3576487014
-0.3384646138
-0.3449291971
-0.3332230598
-0.3467462691
-0.3510093997
-0.3708574175
-0.3574040956
-0.3663147374
-0.3439158300
-0.3542941069
-0.3926622822
-0.4397663808
-0.4933700064
-0.5319827876
-0.5147206030
-0.5290125736
-0.5461349834
-0.5285233619
-0.4524858852
-0.3244172491
-0.1556392102
0.0263126011
0.2792350536
0.5354422132
0.7503808710
0.8412344737
0.8564000366
0.7165204321
0.3966458632
-0.0089455855
-0.3092167425
-0.4609772027
-0.4694335765
-0.4313449507
-0.3946890164
-0.3721153905
-0.3725347148
-0.3748759423
-0.3579981384
-0.3845204016
-0.3876303903
-0.4044732505
-0.4052420118
-0.3968205817
-0.3672232734
-0.3566702780
-0.3753651540
-0.3933960997
-0.4129645680
-0.4123355815
-0.4008740501
-0.3804319895
-0.3668738365
-0.3773918882
-0.3992666402
-0.4154106265
-0.4031453902
-0.3846601764
-0.3747012238
-0.3637987915
-0.3957373272
-0.4202328562
-0.4167035432
-0.4223993652
-0.3922779015
-0.3789643544
-0.3717659536
-0.3854289377
-0.3966458632
-0.3974845119
-0.3852891629
-0.3836118656
-0.3874556719
-0.3845902890
-0.3749807733
-0.3929767754
-0.3925574511
-0.4020271920
-0.4139779351
-0.4112872707
-0.3951083407
-0.3749807733
-0.3811658071
-0.3848348949
-0.4107631153
-0.4107980590
-0.4002101199
-0.3882244331
-0.3737577441
-0.3682715842
-0.3904608295
-0.3930466628
-0.3842408521
-0.3786498611
-0.3719756157
-0.3805018769
-0.3853590503
-0.3964012574
-0.3979387799
-0.3838564714
-0.3784052553
-0.3919983520
-0.3856036561
-0.3952481155
-0.3911946471
-0.3829129917
-0.3791390728
-0.3838914151
-0.3923827326
-0.4005595569
-0.3947938475
-0.3856385998
-0.3774967193
-0.3791740165
-0.3843456832
-0.4027959532
-0.3906704917
-0.3944793542
-0.3851843318
-0.3973097934
-0.4043684194
-0.4246707053
-0.4178916288
-0.4004197821
-0.3939901425
-0.3998257393
-0.4021320231
-0.4143273721
-0.3996510208
-0.3879798273
-0.3756097598
-0.3793137913
-0.3899366741
-0.4019573046
-0.3888534196
-0.3693897824
-0.3679920347
-0.3659303568
-0.3795583972
-0.3647422712
-0.3514287240
-0.3433916746
-0.3393032624
-0.3335724967
-0.3367174291
-0.3500309763
-0.3295539720
-0.3208180486
-0.3078539384
-0.3041848506
-0.3039751885
-0.3172537919
-0.3103349406
-0.3046041749
-0.3006205939
-0.3025075533
-0.3289599292
-0.3238930937
-0.3423433638
-0.3205035554
-0.3097408979
-0.3106144902
-0.3022978912
-0.3087624744
-0.3086576434
-0.2971961119
-0.3005507065
-0.2999916074
-0.3107542650
-0.3173236793
-0.3232990509
-0.3131653798
-0.3020532853
-0.3108940397
-0.3206083865
-0.3213771477
-0.3274224067
-0.3130605487
-0.3127460555
-0.3068056276
-0.3260246590
-0.3358438368
-0.3313710440
-0.3271428571
-0.3426928007
-0.3525469222
-0.3618419446
-0.3661050752
-0.3408407849
-0.3362631611
-0.3371716971
-0.3429024628
-0.3577535325
-0.3619118320
-0.3559364605
-0.3556918546
-0.3415047151
-0.3526866970
-0.3633095798
-0.3478644673
-0.3567401654
-0.3458377331
-0.3358787805
-0.3419240394
-0.3531759087
-0.3686909085
-0.3480391858
-0.3467812128
-0.3459076205
-0.3409106723
-0.3469908750
-0.3532807398
-0.3587319559
-0.3431121250
-0.3518829920
-0.3459425642
-0.3559714042
-0.3666991180
-0.3527565844
-0.3532108524
-0.3480391858
-0.3523372600
-0.3565654469
-0.3863025300
-0.3816200751
-0.3572992645
-0.3579981384
-0.3681318094
-0.3677124851
-0.3869315165
-0.3713116855
-0.3662448500
-0.3469559313
-0.3378705710
-0.3433916746
-0.3581029695
-0.3571594897
-0.3462570574
-0.3459425642
-0.3315457625
-0.3575788141
-0.3633095798
-0.3632396924
-0.3574739830
-0.3564606159
-0.3608285775
-0.3709971923
-0.3818996246
-0.3829129917
-0.3635541856
-0.3684113590
-0.3725347148
-0.3664545122
-0.3708574175
-0.3611780145
-0.3523023164
-0.3534554582
-0.3590115055
-0.3634842982
-0.3671883297
-0.3561461226
-0.3459076205
-0.3367523728
-0.3432518998
-0.3392683187
-0.3490525529
-0.3424831385
-0.3458726768
-0.3552725303
-0.3462570574
-0.3581728568
-0.3696343883
-0.3593958861
-0.3576137577
-0.3505551317
-0.3547483749
-0.3708574175
-0.3731637013
-0.3699139378
-0.3499261452
-0.3530361339
-0.3555171361
-0.3591862239
-0.3699488815
-0.3670485549
-0.3641132847
-0.3597802667
-0.3534205145
-0.3559015168
-0.3540844447
-0.3441953795
-0.3362981048
-0.3439857173
-0.3453135777
-0.3543639943
-0.3566003906
-0.3538398389
-0.3582078005
-0.3402117985
-0.3535253456
-0.3508696249
-0.3603044221
-0.3521275979
-0.3536301767
-0.3374512467
-0.3294141972
-0.3282261116
-0.3309866634
-0.3106843776
-0.3024376659
-0.2936318552
-0.2967418439
-0.2882854701
-0.3021231727
-0.2852803125
-0.2753213599
-0.2621475875
-0.2483448286
-0.2470169683
-0.2543900876
-0.2641044343
-0.2584784997
-0.2603305155
-0.2642442091
-0.2816811121
-0.2900326548
-0.2804231391
-0.2720715964
-0.2574651326
-0.2749719230
-0.2856646931
-0.3121170690
-0.2918497269
-0.2899977111
-0.2691363262
-0.2662709433
-0.2697653127
-0.2806328013
-0.2920943327
-0.3018436232
-0.3104747154
-0.3202589496
-0.3526168096
-0.3706128117
-0.3606189154
-0.3563208411
-0.3560412915
-0.3650917081
-0.3706128117
-0.3733733634
-0.3812356944
-0.3555870235
-0.3656508072
-0.3651615955
-0.3946540727
-0.4207570116
-0.4089809870
-0.4017825861
-0.3807115390
-0.3702633747
-0.3894125187
-0.4090508744
-0.4056613361
-0.3994763024
-0.3976242866
-0.3914043092
-0.4003848384
-0.4189748833
-0.4332319102
-0.4553163244
-0.4950473037
-0.4889671010
-0.5177257607
-0.5609161657
-0.5633272805
-0.5170967742
-0.4195689261
-0.3103349406
-0.1952653584
-0.0193238624
0.2282871487
0.4970041505
0.7240682699
0.8466158025
0.8800219733
0.7841364788
0.5597630238
0.2326900540
-0.0577968688
-0.2750418104
-0.4222595904
-0.5042374950
-0.5557794427
-0.5360362560
-0.4934049501
-0.4535691397
-0.4398712119
-0.4463357952
-0.4381939146
-0.4254744102
-0.4117065950
-0.4046829127
-0.4043334758
-0.4093304239
-0.4194990387
-0.4210365612
-0.4344199957
-0.4322884304
-0.4363069552
-0.4408496353
-0.4396266060
-0.4233428449
-0.4293531602
-0.4333017975
-0.4475238807
-0.4425269326
-0.4318341624
-0.4146069216
-0.4222595904
-0.4278156377
-0.4272914823
-0.4475588244
-0.4435053560
-0.4231681265
-0.4254045228
-0.4269071017
-0.4413737907
-0.4454971465
-0.4363418989
-0.4285145116
-0.4191845454
-0.4212462233
-0.4217703787
-0.4348393200
-0.4180314035
-0.4292483291
-0.4231681265
-0.4262431715
-0.4351887570
-0.4358876308
-0.4282699057
-0.4315546129
-0.4193592639
-0.4304364147
-0.4344549394
-0.4570984527
-0.4444837794
-0.4423172704
-0.4257539598
-0.4252298044
-0.4357129124
-0.4365865047
-0.4321486557
-0.4268721580
-0.4112523270
-0.4108330027
-0.4212462233
-0.4220848720
-0.4177518540
-0.4029007843
-0.4025164037
-0.4117415387
-0.4111474960
-0.4211763359
-0.4266624958
-0.4024115726
-0.4029007843
-0.4026911222
-0.4019223609
-0.4260335093
-0.4106233406
-0.4060107730
-0.4121259194
-0.4282000183
-0.4434005249
-0.4624797815
-0.4560151982
-0.4451477096
-0.4504591510
-0.4568538469
-0.4633184301
-0.4838653218
-0.4928807947
-0.4710409864
-0.4848437452
-0.4950123600
-0.4915529344
-0.5132529679
-0.4989260537
-0.4831664480
-0.4864860988
-0.4800215155
-0.4949075289
-0.4962703330
-0.4879537339
-0.4789382611
-0.4583564257
-0.4566791284
-0.4651355022
-0.4596493423
-0.4356430250
-0.4274662008
-0.4237621693
-0.4088062685
-0.4074085208
-0.3956674398
-0.3844854579
-0.3749458296
-0.3517082736
-0.3485982849
-0.3542591632
-0.3480741295
-0.3359836116
-0.3244172491
-0.3195950194
-0.3013893551
-0.3186515397
-0.3144932402
-0.3033811457
-0.2961478011
-0.2995722831
-0.2996421705
-0.3062465285
-0.3282959990
-0.3091119114
-0.3130605487
-0.3112784204
-0.3149125645
-0.3199794000
-0.3214470351
-0.3230195013
-0.3086576434
-0.3079937132
-0.3115230262
-0.3201890622
-0.3249414045
-0.3207831050
-0.3222856838
-0.3132352672
-0.3180225532
-0.3268283639
-0.3304625080
-0.3248715171
-0.3103698843
-0.3167995239
-0.3179876095
-0.3330133976
-0.3320000305
-0.3203637806
-0.3195600757
-0.3152620014
-0.3169043550
-0.3233339946
-0.3485633412
-0.3424132511
-0.3408407849
-0.3299034089
-0.3404564043
-0.3519528794
-0.3535253456
-0.3539446699
-0.3431470687
-0.3316156499
-0.3304974517
-0.3407010102
-0.3519878231
-0.3385345012
-0.3342364269
-0.3285755486
-0.3322795801
-0.3411552782
-0.3458726768
-0.3466763817
-0.3380802332
-0.3340966521
-0.3289249855
-0.3578933073
-0.3516733299
-0.3412251656
-0.3319650868
-0.3431470687
-0.3488778344
-0.3586620685
-0.3775666066
-0.3662448500
-0.3407359539
-0.3412601093
-0.3474800867
-0.3534904019
-0.3635541856
-0.3575438704
-0.3411203345
-0.3405262917
-0.3462221137
-0.3575788141
-0.3586620685
-0.3485982849
-0.3525119785
-0.3360884426
-0.3405262917
-0.3511491745
-0.3524770348
-0.3534904019
-0.3384296701
-0.3374861904
-0.3412950529
-0.3607237465
-0.3660701315
-0.3470957060
-0.3280513932
-0.3182322153
-0.3126412244
-0.2916400647
-0.3009700308
-0.2907664724
-0.2961827448
-0.2817160558
-0.2720715964
-0.2568012024
-0.2708485672
-0.2599461348
-0.2549491867
-0.2464928129
-0.2438021485
-0.2556830042
-0.2665504929
-0.2616234321
-0.2620078127
-0.2530272835
-0.2642442091
-0.2842669454
-0.2815762810
-0.2713727226
-0.2760551775
-0.2692062136
-0.2475760674
-0.2442564165
-0.2494280831
-0.2644189276
-0.2837777337
-0.2812617878
-0.2872721030
-0.3100903348
-0.3331881161
-0.3607586901
-0.3570896023
-0.3560762352
-0.3465366070
-0.3603044221
-0.3722202216
-0.3762387463
-0.3662448500
-0.3599549852
-0.3643229469
-0.3578933073
-0.3537000641
-0.3535952330
-0.3582078005
-0.3658954131
-0.3776714377
-0.3782654805
-0.3802922147
-0.3679570910
-0.3452436903
-0.3495767083
-0.3844854579
-0.3993365276
-0.4067795343
-0.3932912687
-0.3684812464
-0.3580330821
-0.3810609760
-0.4272215949
-0.4800914029
-0.5152797021
-0.5173763237
-0.5154194769
-0.5365953551
-0.5674506363
-0.5290125736
-0.4243911557
-0.2727005829
-0.1114703818
0.1163974425
0.3782305368
0.6205301065
0.8152014222
0.8781000702
0.8113576159
0.5696870327
0.1923999756
-0.1831049532
-0.4271866512
-0.5154893643
-0.5035036775
-0.4834459975
-0.4484324168
-0.4121958068
-0.3960518204
-0.3914043092
-0.3863724174
-0.3988473159
-0.4213510544
-0.4399760430
-0.4357478561
-0.3989172033
-0.3914392529
-0.3985328227
-0.4148515275
-0.4436451308
-0.4350489822
-0.4134887234
-0.3924875637
-0.3984279916
-0.3924875637
-0.4164589373
-0.4101341288
-0.4089809870
-0.3906355480
-0.3913344218
-0.3813754692
-0.3825635548
-0.3934659871
-0.4012584307
-0.4119512009
-0.4068843654
-0.3949336222
-0.3948287912
-0.3783703116
-0.4011885434
-0.4023766289
-0.4041238136
-0.4118114261
-0.4074784082
-0.4027260659
-0.3894125187
-0.3894474624
-0.3938154241
-0.4106932279
-0.4204425184
-0.4040888699
-0.4069193091
-0.3995112461
-0.3987424848
-0.4068843654
-0.4188700522
-0.4156552324
-0.4070590838
-0.3958771020
-0.4010837123
-0.3997209082
-0.3958421583
-0.3922429579
-0.3877002777
-0.3920332957
-0.3863374737
-0.3911597034
-0.4167734306
-0.4126151311
-0.4031104465
-0.3978339488
-0.3971700186
-0.4116017640
-0.4163890500
-0.4066048158
-0.3920332957
-0.3975194555
-0.4027260659
-0.4124753563
-0.4319739372
-0.4114270455
-0.4113571581
-0.3967856380
-0.4024465163
-0.4178217414
-0.4276758629
-0.4220149846
-0.4064650410
-0.4064650410
-0.4018874172
-0.4124404126
-0.4227488021
-0.4226090274
-0.4170529801
-0.4064999847
-0.4063951537
-0.4167734306
-0.4273613697
-0.4225740837
-0.4173325297
-0.4018874172
-0.4116017640
-0.4066397595
-0.4069542528
-0.3821092868
-0.3670485549
-0.3569847713
-0.3470258187
-0.3470957060
-0.3470607624
-0.3317903684
-0.3165199744
-0.3014941862
-0.3118724631
-0.3123966185
-0.3176381726
-0.3023677786
-0.3016339610
-0.2911159093
-0.2862237922
-0.2918147832
-0.2925835444
-0.2828342540
-0.2824498733
-0.2666902676
-0.2760901212
-0.2760551775
-0.2917448958
-0.2774179815
-0.2827993103
-0.2725258644
-0.2818558306
-0.2912207404
-0.3009700308
-0.2913954588
-0.2821703238
-0.2829390851
-0.2880408643
-0.2973708304
-0.3063164159
-0.2904519791
-0.2957634205
-0.2868877224
-0.2831836909
-0.3036257515
-0.3078539384
-0.2962875759
-0.2900675985
-0.3001663259
-0.2966020692
-0.3033811457
-0.3191756951
-0.3182671590
-0.3063164159
-0.2947849971
-0.3047788934
-0.3163801996
-0.3383248390
-0.3293093661
-0.3086925871
-0.3120122379
-0.3205384991
-0.3202240059
-0.3413649403
-0.3280863369
-0.3193504135
-0.3194203009
-0.3331881161
-0.3315807062
-0.3506949065
-0.3361932737
-0.3178827784
-0.3144233528
-0.3298684652
-0.3387791070
-0.3369620350
-0.3455581835
-0.3257101657
-0.3273874630
-0.3393032624
-0.3501707511
-0.3543290506
-0.3424481948
-0.3311264382
-0.3311613819
-0.3375211341
-0.3389887692
-0.3445797601
-0.3337122715
-0.3321398053
-0.3208879360
-0.3209578234
-0.3321747490
-0.3384995575
-0.3389538255
-0.3181623280
-0.3119074068
-0.3160307627
-0.3311963256
-0.3322795801
-0.3183021027
-0.3236135441
-0.3128858303
-0.3168344676
-0.3162753685
-0.3414697714
-0.3321747490
-0.3180225532
-0.3082732627
-0.3177779473
-0.3169742424
-0.3365077670
-0.3265837580
-0.3171140172
-0.3078189947
-0.3081684317
-0.3078189947
-0.2917099521
-0.2755659658
-0.2502317881
-0.2459337138
-0.2468073061
-0.2521187475
-0.2569060335
-0.2366386914
-0.2171750542
-0.2286365856
-0.2309079257
-0.2181534776
-0.2247927793
-0.2302789392
-0.2344022950
-0.2321309549
-0.2331093783
-0.2383509323
-0.2453746147
-0.2314320811
-0.2315019684
-0.2476459548
-0.2403776666
-0.2322008423
-0.2147988830
-0.1832447279
-0.2075305948
-0.2388750877
-0.2630910672
-0.2786410108
-0.2961128574
-0.2966020692
-0.2917448958
-0.2887746818
-0.3104048280
-0.3324542985
-0.3613177892
-0.3602345347
-0.3343063143
-0.3211325419
-0.3151921140
-0.3262692648
-0.3505201880
-0.3628203681
-0.3592211676
-0.3381151769
-0.3321048616
-0.3325940733
-0.3517781610
-0.3470957060
-0.3578933073
-0.3528614154
-0.3429723502
-0.3247666860
-0.3313361003
-0.3322795801
-0.3375560778
-0.3665942869
-0.4156901761
-0.4630388806
-0.4736617634
-0.4813144322
-0.4987163915
-0.5331359294
-0.5095139927
-0.4176120792
-0.2728403577
-0.0682100894
0.1672405164
0.4537788018
0.7015645314
0.8692243721
0.9024558245
0.7734786523
0.4667079684
0.0391718802
-0.2952392651
-0.4491312906
-0.4860667745
-0.4303315836
-0.3883642079
-0.3629251991
-0.3500309763
-0.3511491745
-0.3611430708
-0.3762387463
-0.3871411786
-0.3938503677
-0.3866519669
-0.3744915616
-0.3682366405
-0.3591862239
-0.3713116855
-0.3971350749
-0.3969953001
-0.4040189825
-0.3992666402
-0.3818646809
-0.3640783410
-0.3724997711
-0.3922080142
-0.4091557054
-0.4251599170
-0.3984279916
-0.3712767418
-0.3607586901
-0.3704031495
-0.3977990051
-0.4054167302
-0.4095750298
-0.3814453566
-0.3609334086
-0.3589416181
-0.3700537126
-0.3992666402
-0.3960168767
-0.3924176763
-0.3780558184
-0.3701585437
-0.3777413251
-0.3803621021
-0.3806416517
-0.3807464827
-0.3786848048
-0.3677823725
-0.3781257057
-0.3822490616
-0.3743867306
-0.3831226539
-0.3776364940
-0.3872110660
-0.3799427778
-0.3783353679
-0.3720804468
-0.3647073275
-0.3511142308
-0.3633445235
-0.3788944670
-0.3725347148
-0.3656158635
-0.3749807733
-0.3611780145
-0.3682715842
-0.3747012238
-0.3894125187
-0.3775666066
-0.3704730369
-0.3747711112
-0.3658604694
-0.3730588702
-0.3797331156
-0.3845553453
-0.3827732170
-0.3655809198
-0.3695295572
-0.3705429243
-0.3777762688
-0.3794885098
-0.3795583972
-0.3780208747
-0.3709622486
-0.3847999512
-0.3904258858
-0.3821442305
-0.3838914151
-0.3744915616
-0.3734781945
-0.3814104129
-0.3799078341
-0.3849397259
-0.3665593432
-0.3637289041
-0.3648121586
-0.3741071810
-0.3819695120
-0.3448243660
-0.3393382061
-0.3208180486
-0.3232990509
-0.3299732963
-0.3246618549
-0.3224254585
-0.3098806726
-0.3090420240
-0.3103698843
-0.2980347606
-0.3000614948
-0.2848959319
-0.2677385784
-0.2601907407
-0.2541105380
-0.2702195807
-0.2827294229
-0.2647683645
-0.2549841304
-0.2481351665
-0.2657467879
-0.2743778802
-0.2798989837
-0.2819956053
-0.2791651662
-0.2698352000
-0.2687170019
-0.2664806055
-0.2796893216
-0.2744827113
-0.2712329478
-0.2685422834
-0.2648731956
-0.2744128239
-0.2874468215
-0.2802833644
-0.2794447157
-0.2704641865
-0.2678084658
-0.2795844905
-0.2946801660
-0.2779071932
-0.2655720695
-0.2644538713
-0.2702545244
-0.2824848170
-0.2993276772
-0.2944705039
-0.2879709769
-0.2909761345
-0.2951693777
-0.2859442427
-0.3027871029
-0.2942258980
-0.2892988372
-0.2931426435
-0.2866081729
-0.3058272042
-0.3163452559
-0.3127809992
-0.3141787469
-0.2995722831
-0.3038004700
-0.3124665059
-0.3264439833
-0.3164500870
-0.3024376659
-0.3136895352
-0.3042547380
-0.3137594226
-0.3227050081
-0.3068056276
-0.2917099521
-0.2976853236
-0.3040800195
-0.3099855037
-0.3243473617
-0.3125014496
-0.3110338145
-0.3009001434
-0.3021581164
-0.3238232063
-0.3196299631
-0.3190009766
-0.3072948393
-0.3007603687
-0.3155415510
-0.3168344676
-0.3187913144
-0.3098457289
-0.3043246254
-0.2875167089
-0.2807725761
-0.2853501999
-0.3015291299
-0.3084479812
-0.2997470016
-0.2994674520
-0.3078189947
-0.3108940397
-0.3101252785
-0.3058621479
-0.2927932066
-0.2996072268
-0.2949946593
-0.3136545915
-0.3064212470
-0.2847561571
-0.2598413038
-0.2365688040
-0.2535514389
-0.2394341868
-0.2484147160
-0.2208790857
-0.2185728019
-0.2085090182
-0.2061328471
-0.2000177007
-0.1976764733
-0.1979560228
-0.1818819239
-0.1760812708
-0.1817421491
-0.2082993561
-0.2189571825
-0.2115840632
-0.2063774529
-0.2012057863
-0.1996682638
-0.2085090182
-0.2252819910
-0.2151832636
-0.1845027009
-0.1683587146
-0.1759065523
-0.2276931059
-0.2464578692
-0.2547045808
-0.2767540513
-0.2821703238
-0.2853152562
-0.2908014161
-0.2855948057
-0.3037305826
-0.3033811457
-0.3078189947
-0.3049885556
-0.3028919340
-0.3063164159
-0.2934571368
-0.2954489273
-0.2961128574
-0.3081334880
-0.3177779473
-0.3212373730
-0.3177779473
-0.3021581164
-0.3021581164
-0.3132003235
-0.3324193548
-0.3546435438
-0.3443700980
-0.3201890622
-0.2973009430
-0.3000265511
-0.3353196814
-0.3757495346
-0.4103787347
-0.4371805475
-0.4433655812
-0.4488517411
-0.4888273263
-0.5173064364
-0.4881284524
-0.3852192755
-0.2497775201
-0.0921465194
0.1188435011
0.3966458632
0.6706743065
0.8201634266
0.8510885952
0.7184423353
0.4441692862
0.0707260353
-0.2487641530
-0.4117764824
-0.4561899167
-0.4266624958
-0.4020970794
-0.3736878567
-0.3475150304
-0.3352148503
-0.3255703909
-0.3431121250
-0.3586620685
-0.3760290841
-0.3550978118
-0.3354245125
-0.3224604022
-0.3153318888
-0.3251161229
-0.3597103793
-0.3586620685
-0.3507997375
-0.3336074404
-0.3259198279
-0.3316505936
-0.3533855708
-0.3608984649
-0.3751904355
-0.3601646474
-0.3461871700
-0.3549580370
-0.3443002106
-0.3376609088
-0.3523722037
-0.3563907285
-0.3635891293
-0.3530710776
-0.3538398389
-0.3223905148
-0.3229845576
-0.3247666860
-0.3428675192
-0.3566353343
-0.3538048952
-0.3415746025
-0.3251510666
-0.3336074404
-0.3477246925
-0.3541543321
-0.3733034761
-0.3575788141
-0.3482488479
-0.3390237129
-0.3580680258
-0.3611780145
-0.3714165166
-0.3712068545
-0.3633445235
-0.3519528794
-0.3481090732
-0.3437411115
-0.3353546251
-0.3286803797
-0.3189310892
-0.3308468886
-0.3435663930
-0.3504503006
-0.3503105258
-0.3531409650
-0.3504503006
-0.3541892758
-0.3453135777
-0.3578933073
-0.3651615955
-0.3453485214
-0.3434965056
-0.3259198279
-0.3444749290
-0.3402117985
-0.3526168096
-0.3497164830
-0.3401768548
-0.3336773278
-0.3463968322
-0.3597802667
-0.3750856044
-0.3818996246
-0.3540844447
-0.3598850978
-0.3539796136
-0.3670136113
-0.3802223273
-0.3649169897
-0.3663846248
-0.3484585101
-0.3446845912
-0.3641482284
-0.3621913816
-0.3553074740
-0.3399322489
-0.3263391522
-0.3284707175
-0.3297286905
-0.3341315958
-0.3121520127
-0.3052681051
-0.2799339274
-0.2862237922
-0.2882505264
-0.2995373394
-0.2790253914
-0.2721764275
-0.2554733421
-0.2550889615
-0.2662010559
-0.2630561235
-0.2542153691
-0.2487990967
-0.2422296823
-0.2406921598
-0.2503366192
-0.2615186010
-0.2582688375
-0.2544250313
-0.2390498062
-0.2472965178
-0.2505113376
-0.2700448622
-0.2711980041
-0.2630910672
-0.2693459883
-0.2740983306
-0.2775577563
-0.2857345805
-0.2749020356
-0.2708136235
-0.2678084658
-0.2694158757
-0.2795495468
-0.2880408643
-0.2758804590
-0.2796194342
-0.2703593554
-0.2875516526
-0.2796543779
-0.2901724296
-0.2786060671
-0.2810870693
-0.2695556505
-0.2750767541
-0.2924088260
-0.3049186682
-0.3006205939
-0.2991529588
-0.3016339610
-0.3098457289
-0.3150872829
-0.3071201209
-0.3095312357
-0.3005507065
-0.3095312357
-0.3072249519
-0.3152270577
-0.3199444563
-0.3064561907
-0.3188262581
-0.3103698843
-0.3102301096
-0.3135497604
-0.3214120914
-0.3101252785
-0.3006555376
-0.3127111118
-0.3098107852
-0.3204336680
-0.3240328684
-0.3216217536
-0.3148426771
-0.2999916074
-0.3020183416
-0.2995373394
-0.3157512131
-0.2997120579
-0.3072249519
-0.3099855037
-0.2996771142
-0.3063863033
-0.3188612018
-0.3102999969
-0.2997470016
-0.2926534318
-0.2954139836
-0.3095661794
-0.3206433302
-0.3227748955
-0.3047090060
-0.3100204474
-0.2885300760
-0.3113483077
-0.3199095126
-0.3151571703
-0.2869226661
-0.2788856166
-0.2595966979
-0.2584784997
-0.2614137700
-0.2545648061
-0.2439768670
-0.2250373852
-0.2172099979
-0.2194463942
-0.2354156621
-0.2198657186
-0.2041410566
-0.2046652120
-0.2118636128
-0.2146591082
-0.2362892544
-0.2447805719
-0.2296150090
-0.2180486465
-0.2240589618
-0.2403427229
-0.2612739952
-0.2629163488
-0.2506860561
-0.2173497726
-0.2100465407
-0.2338082522
-0.2682627338
-0.2691013825
-0.2773830378
-0.3023328349
-0.3150523392
-0.3219362468
-0.3285056612
-0.3258848842
-0.3163452559
-0.3162753685
-0.3188612018
-0.3232641072
-0.3296238594
-0.3187214270
-0.3086576434
-0.3131304361
-0.3343762017
-0.3544688253
-0.3609334086
-0.3523023164
-0.3396526994
-0.3270030824
-0.3351449629
-0.3619467757
-0.3691451765
-0.3628902554
