-0.14500000
0.00820889
0.05196155
-0.04500000
-0.21340403
-0.33293852
-0.31820508
-0.17972964
0.00855752
0.06500000
-0.01644248
-0.18472964
-0.33320508
-0.34293852
-0.22840403
-0.07500000
0.01696155
-0.03179111
-0.17000000
-0.30820889
-0.37196155
-0.28000000
-0.12159597
0.00793852
0.01820508
-0.10027036
-0.28355752
-0.39000000
-0.33355752
-0.20027036
-0.05179492
-0.05706148
-0.18159597
-0.36000000
-0.47196155
-0.42820889
-0.27500000
-0.11179111
-0.05803845
-0.16500000
-0.34340403
-0.47793852
-0.46320508
-0.32472964
-0.16144248
-0.08500000
-0.16644248
-0.33972964
-0.45820508
-0.46293852
-0.34340403
-0.18000000
-0.08803845
-0.15179111
-0.29000000
-0.45320889
-0.47696155
-0.39000000
-0.23159597
-0.12706148
-0.14679492
-0.30027036
-0.48855752
-0.58500000
-0.51355752
-0.37027036
-0.28179492
-0.29706148
-0.41659597
-0.52500000
-0.52696155
-0.37320889
-0.07000000
0.27320889
0.57196155
0.72000000
0.71159597
0.65206148
0.59179492
0.48527036
0.29855752
0.03500000
-0.23644248
-0.46972964
-0.59820508
-0.55793852
-0.39840403
-0.22500000
-0.13803845
-0.19179111
-0.33000000
-0.47820889
-0.51196155
-0.41000000
-0.25159597
-0.14706148
-0.16679492
-0.29027036
-0.47355752
-0.53500000
-0.45855752
-0.30027036
-0.15679492
-0.13706148
-0.26159597
-0.43000000
-0.54196155
-0.50820889
-0.33500000
-0.17179111
-0.10803845
-0.22000000
-0.38840403
-0.51793852
-0.51320508
-0.36972964
-0.21144248
-0.14500000
-0.22644248
-0.38972964
-0.51320508
-0.51793852
-0.39840403
-0.23000000
-0.14303845
-0.19679111
-0.32500000
-0.47820889
-0.52696155
-0.43000000
-0.26659597
-0.14706148
-0.16679492
-0.29527036
-0.46855752
-0.55000000
-0.48355752
-0.31527036
-0.17179492
-0.14206148
-0.25159597
-0.43500000
-0.52696155
-0.49820889
-0.33000000
-0.18179111
-0.13803845
-0.24500000
-0.41340403
-0.54293852
-0.51320508
-0.37472964
-0.20644248
-0.13000000
-0.22144248
-0.38472964
-0.51820508
-0.52293852
-0.40340403
-0.23500000
-0.15303845
-0.20179111
-0.35500000
-0.49820889
-0.54196155
-0.43500000
-0.28159597
-0.17206148
-0.18679492
-0.32527036
-0.49355752
-0.56000000
-0.49855752
-0.35027036
-0.19679492
-0.17206148
-0.28659597
-0.46000000
-0.57196155
-0.52820889
-0.36500000
-0.21179111
-0.16303845
-0.26000000
-0.43340403
-0.55793852
-0.52820508
-0.36472964
-0.19644248
-0.12500000
-0.20644248
-0.37472964
-0.48820508
-0.48793852
-0.36840403
-0.19000000
-0.09803845
-0.13679111
-0.28500000
-0.42820889
-0.45196155
-0.35000000
-0.18159597
-0.07706148
-0.08179492
-0.21027036
-0.35855752
-0.44500000
-0.37355752
-0.22027036
-0.08179492
-0.05206148
-0.18159597
-0.35500000
-0.44196155
-0.40820889
-0.25000000
-0.09679111
-0.06803845
-0.16000000
-0.32840403
-0.45293852
-0.44320508
-0.29972964
-0.13144248
-0.07500000
-0.15144248
-0.32472964
-0.44820508
-0.45793852
-0.32840403
-0.18000000
-0.08303845
-0.13179111
-0.27500000
-0.42820889
-0.46196155
-0.37000000
-0.21659597
-0.10206148
-0.10679492
-0.24027036
-0.41355752
-0.48000000
-0.42855752
-0.26527036
-0.13179492
-0.10706148
-0.23159597
-0.41000000
-0.50696155
-0.45820889
-0.29500000
-0.13179111
-0.08803845
-0.19000000
-0.36340403
-0.49793852
-0.46320508
-0.32972964
-0.17144248
-0.10500000
-0.18144248
-0.35972964
-0.48320508
-0.48793852
-0.35840403
-0.21000000
-0.12803845
-0.17679111
-0.31500000
-0.45320889
-0.50196155
-0.41000000
-0.25159597
-0.14206148
-0.15179492
-0.28027036
-0.43855752
-0.50500000
-0.43355752
-0.27527036
-0.12679492
-0.11706148
-0.22159597
-0.40000000
-0.49696155
-0.45820889
-0.30500000
-0.13679111
-0.08303845
-0.19500000
-0.37340403
-0.50293852
-0.47820508
-0.32972964
-0.16144248
-0.08000000
-0.14144248
-0.30972964
-0.44820508
-0.45793852
-0.31840403
-0.15000000
-0.05803845
-0.07179111
-0.22000000
-0.35820889
-0.39696155
-0.30500000
-0.14659597
-0.04206148
-0.04679492
-0.19027036
-0.35355752
-0.42500000
-0.35855752
-0.20027036
-0.06679492
-0.04706148
-0.15159597
-0.31000000
-0.40196155
-0.39820889
-0.28500000
-0.13179111
-0.10303845
-0.21000000
-0.39840403
-0.51793852
-0.49820508
-0.34972964
-0.19144248
-0.11500000
-0.19644248
-0.37472964
-0.51820508
-0.52793852
-0.40840403
-0.25000000
-0.14803845
-0.20179111
-0.33000000
-0.48820889
-0.52696155
-0.42000000
-0.27659597
-0.16706148
-0.16679492
-0.29527036
-0.45355752
-0.53000000
-0.47855752
-0.33027036
-0.18679492
-0.19206148
-0.35659597
-0.54500000
-0.67196155
-0.66320889
-0.53500000
-0.35179111
-0.21803845
-0.20000000
-0.22840403
-0.20293852
0.06179492
0.45527036
0.84855752
1.07500000
1.06855752
0.87027036
0.58179492
0.30206148
0.09659597
-0.01000000
-0.07303845
-0.23679111
-0.45000000
-0.62820889
-0.65196155
-0.52500000
-0.32159597
-0.20206148
-0.21179492
-0.35527036
-0.50855752
-0.58000000
-0.50855752
-0.36027036
-0.21179492
-0.19706148
-0.31659597
-0.47500000
-0.59196155
-0.56320889
-0.41000000
-0.24679111
-0.19803845
-0.29000000
-0.47340403
-0.58293852
-0.55820508
-0.40972964
-0.26144248
-0.19000000
-0.27644248
-0.44472964
-0.58320508
-0.57793852
-0.45840403
-0.29500000
-0.20803845
-0.26179111
-0.40000000
-0.56320889
-0.60196155
-0.51000000
-0.34659597
-0.22206148
-0.22679492
-0.36527036
-0.52355752
-0.59000000
-0.53355752
-0.37527036
-0.21679492
-0.20206148
-0.31659597
-0.48500000
-0.60696155
-0.55820889
-0.39500000
-0.23679111
-0.17803845
-0.29000000
-0.46340403
-0.59793852
-0.57320508
-0.42472964
-0.26144248
-0.18500000
-0.27644248
-0.44972964
-0.58820508
-0.58793852
-0.46340403
-0.30500000
-0.21803845
-0.26679111
-0.42000000
-0.56320889
-0.61196155
-0.52500000
-0.35159597
-0.24706148
-0.25679492
-0.39527036
-0.54855752
-0.63000000
-0.57855752
-0.42027036
-0.27679492
-0.24706148
-0.37659597
-0.55000000
-0.65196155
-0.62320889
-0.46000000
-0.30179111
-0.25303845
-0.35500000
-0.53840403
-0.66293852
-0.63320508
-0.48472964
-0.31644248
-0.24000000
-0.30644248
-0.47472964
-0.58320508
-0.58293852
-0.43840403
-0.26500000
-0.16303845
-0.21179111
-0.34000000
-0.47820889
-0.51196155
-0.42000000
-0.26159597
-0.14206148
-0.14679492
-0.27527036
-0.42855752
-0.50000000
-0.44855752
-0.28527036
-0.14179492
-0.11706148
-0.23659597
-0.39500000
-0.51696155
-0.48320889
-0.30500000
-0.15679111
-0.10303845
-0.20000000
-0.38840403
-0.51293852
-0.48320508
-0.33972964
-0.18644248
-0.10500000
-0.18644248
-0.34972964
-0.48320508
-0.48293852
-0.35840403
-0.20500000
-0.11303845
-0.16679111
-0.31500000
-0.45320889
-0.51196155
-0.41500000
-0.24659597
-0.14206148
-0.14179492
-0.28527036
-0.44355752
-0.52500000
-0.46355752
-0.30527036
-0.16179492
-0.14706148
-0.26159597
-0.42500000
-0.54196155
-0.50320889
-0.34500000
-0.18179111
-0.13303845
-0.23000000
-0.41340403
-0.53293852
-0.51820508
-0.35472964
-0.20144248
-0.13500000
-0.21144248
-0.38972964
-0.50820508
-0.51793852
-0.39840403
-0.23500000
-0.15803845
-0.20679111
-0.35500000
-0.50320889
-0.53696155
-0.44500000
-0.27659597
-0.15706148
-0.17179492
-0.29527036
-0.45855752
-0.53500000
-0.47355752
-0.31527036
-0.17679492
-0.15206148
-0.26159597
-0.44500000
-0.54196155
-0.50820889
-0.35000000
-0.18679111
-0.13303845
-0.24000000
-0.40840403
-0.52793852
-0.50320508
-0.36972964
-0.20144248
-0.13500000
-0.21644248
-0.37972964
-0.51320508
-0.51793852
-0.38340403
-0.19500000
-0.10303845
-0.14179111
-0.28500000
-0.42820889
-0.46196155
-0.36500000
-0.19659597
-0.06706148
-0.07679492
-0.20527036
-0.35355752
-0.41500000
-0.36855752
-0.21027036
-0.06679492
-0.05706148
-0.16659597
-0.34500000
-0.44696155
-0.42820889
-0.27500000
-0.11179111
-0.05303845
-0.12500000
-0.28840403
-0.41793852
-0.43820508
-0.30472964
-0.15144248
-0.08500000
-0.17644248
-0.35472964
-0.51320508
-0.51793852
-0.40340403
-0.23500000
-0.15803845
-0.21679111
-0.36000000
-0.49820889
-0.54696155
-0.45500000
-0.29659597
-0.18706148
-0.20679492
-0.33527036
-0.49355752
-0.56500000
-0.50855752
-0.35027036
-0.20679492
-0.18706148
-0.28659597
-0.47000000
-0.58696155
-0.55820889
-0.41000000
-0.28179111
-0.26803845
-0.39000000
-0.58840403
-0.74293852
-0.74320508
-0.55972964
-0.27644248
-0.05000000
0.03855752
0.08527036
0.23679492
0.50206148
0.81659597
1.06000000
1.04696155
0.67320889
0.05000000
-0.47320889
-0.69696155
-0.60500000
-0.37659597
-0.22706148
-0.22179492
-0.35527036
-0.52355752
-0.59000000
-0.52355752
-0.37027036
-0.22179492
-0.21706148
-0.32159597
-0.49500000
-0.59196155
-0.56320889
-0.40500000
-0.24679111
-0.20303845
-0.31500000
-0.47340403
-0.60793852
-0.58820508
-0.43972964
-0.27644248
-0.22000000
-0.29144248
-0.46972964
-0.59320508
-0.59793852
-0.47840403
-0.30500000
-0.22803845
-0.27679111
-0.42000000
-0.56820889
-0.60696155
-0.51000000
-0.35659597
-0.23206148
-0.22679492
-0.36027036
-0.52855752
-0.60000000
-0.52355752
-0.38027036
-0.23179492
-0.20206148
-0.33159597
-0.50000000
-0.61196155
-0.57820889
-0.42500000
-0.26179111
-0.21803845
-0.31000000
-0.49340403
-0.61293852
-0.59320508
-0.44972964
-0.27144248
-0.20000000
-0.28144248
-0.45972964
-0.58320508
-0.59293852
-0.46340403
-0.30000000
-0.20303845
-0.25179111
-0.38500000
-0.55320889
-0.58696155
-0.49000000
-0.33159597
-0.22706148
-0.23179492
-0.37027036
-0.53855752
-0.61500000
-0.54855752
-0.38527036
-0.25179492
-0.22706148
-0.34659597
-0.51000000
-0.63196155
-0.58320889
-0.43500000
-0.26679111
-0.22303845
-0.32000000
-0.48840403
-0.61293852
-0.59820508
-0.44972964
-0.26644248
-0.19500000
-0.26144248
-0.40972964
-0.53320508
-0.52793852
-0.40340403
-0.23000000
-0.13803845
-0.18179111
-0.32500000
-0.47320889
-0.50196155
-0.40500000
-0.24659597
-0.12206148
-0.13179492
-0.26527036
-0.42855752
-0.50000000
-0.43855752
-0.27527036
-0.13679492
-0.12706148
-0.23159597
-0.40500000
-0.51196155
-0.47320889
-0.32500000
-0.15679111
-0.10803845
-0.20500000
-0.38840403
-0.51293852
-0.47820508
-0.34472964
-0.16644248
-0.11000000
-0.19644248
-0.36472964
-0.49320508
-0.50793852
-0.38840403
-0.22500000
-0.15303845
-0.19679111
-0.34000000
-0.48820889
-0.52696155
-0.43500000
-0.27159597
-0.17206148
-0.17679492
-0.31527036
-0.48355752
-0.56000000
-0.48355752
-0.33027036
-0.18179492
-0.16206148
-0.27159597
-0.45500000
-0.54696155
-0.51820889
-0.36500000
-0.19679111
-0.15803845
-0.25000000
-0.43840403
-0.56793852
-0.54320508
-0.39472964
-0.23644248
-0.16000000
-0.23644248
-0.41472964
-0.54320508
-0.55293852
-0.41840403
-0.25000000
-0.15303845
-0.21679111
-0.36500000
-0.49820889
-0.54196155
-0.44000000
-0.28659597
-0.17706148
-0.18679492
-0.32027036
-0.48355752
-0.55500000
-0.50355752
-0.35027036
-0.18179492
-0.17206148
-0.28659597
-0.46000000
-0.55696155
-0.52320889
-0.36000000
-0.19179111
-0.15803845
-0.24500000
-0.41340403
-0.53293852
-0.51320508
-0.34472964
-0.17644248
-0.10500000
-0.18144248
-0.33972964
-0.46320508
-0.47293852
-0.34340403
-0.18000000
-0.08303845
-0.12179111
-0.26500000
-0.40820889
-0.44196155
-0.36000000
-0.19659597
-0.08706148
-0.10679492
-0.23027036
-0.39855752
-0.47500000
-0.40855752
-0.24027036
-0.10679492
-0.08706148
-0.19659597
-0.35500000
-0.43696155
-0.41320889
-0.28000000
-0.15679111
-0.11303845
-0.24500000
-0.42840403
-0.56793852
-0.55820508
-0.41472964
-0.24144248
-0.17500000
-0.25644248
-0.42472964
-0.56820508
-0.57293852
-0.45340403
-0.28500000
-0.19803845
-0.25179111
-0.40000000
-0.52820889
-0.57196155
-0.49000000
-0.32659597
-0.22706148
-0.23179492
-0.36527036
-0.51855752
-0.60500000
-0.55355752
-0.42527036
-0.30179492
-0.31706148
-0.44159597
-0.62500000
-0.73696155
-0.75320889
-0.64500000
-0.47679111
-0.37803845
-0.39500000
-0.45340403
-0.45793852
-0.28820508
0.05527036
0.49855752
0.83500000
0.93855752
0.82527036
0.59679492
0.28706148
-0.00340403
-0.20500000
-0.30303845
-0.36679111
-0.47500000
-0.56320889
-0.58696155
-0.49000000
-0.33159597
-0.22206148
-0.23179492
-0.35027036
-0.51855752
-0.59500000
-0.53355752
-0.37527036
-0.23179492
-0.21206148
-0.32159597
-0.49500000
-0.60696155
-0.56820889
-0.41000000
-0.24179111
-0.20803845
-0.31000000
-0.47340403
-0.59293852
-0.58320508
-0.42472964
-0.25644248
-0.19000000
-0.26644248
-0.43472964
-0.57320508
-0.58793852
-0.46340403
-0.29500000
-0.20803845
-0.25179111
-0.40000000
-0.54820889
-0.58196155
-0.47500000
-0.31659597
-0.20706148
-0.21679492
-0.35027036
-0.50355752
-0.58500000
-0.52355752
-0.36027036
-0.21179492
-0.18706148
-0.30659597
-0.48500000
-0.59196155
-0.54320889
-0.39000000
-0.21179111
-0.17803845
-0.28500000
-0.46340403
-0.56793852
-0.55820508
-0.40972964
-0.25144248
-0.19000000
-0.25144248
-0.40972964
-0.54820508
-0.56293852
-0.44340403
-0.28000000
-0.19303845
-0.23679111
-0.36500000
-0.52320889
-0.57196155
-0.48500000
-0.32159597
-0.20206148
-0.20179492
-0.33027036
-0.51355752
-0.58000000
-0.51855752
-0.34027036
-0.20179492
-0.17706148
-0.30159597
-0.48500000
-0.59196155
-0.53820889
-0.38500000
-0.21679111
-0.16803845
-0.27000000
-0.44340403
-0.53793852
-0.50820508
-0.35472964
-0.18644248
-0.12000000
-0.19644248
-0.34972964
-0.46820508
-0.47293852
-0.36840403
-0.19500000
-0.08803845
-0.13179111
-0.28000000
-0.42320889
-0.47696155
-0.39000000
-0.22659597
-0.10706148
-0.11679492
-0.24527036
-0.41855752
-0.49500000
-0.43855752
-0.26027036
-0.11179492
-0.09206148
-0.20659597
-0.39500000
-0.50196155
-0.45320889
-0.29500000
-0.14179111
-0.08803845
-0.20000000
-0.37340403
-0.48793852
-0.46820508
-0.33472964
-0.17644248
-0.11500000
-0.18144248
-0.34972964
-0.46820508
-0.48793852
-0.37840403
-0.23000000
-0.14303845
-0.17679111
-0.32000000
-0.47320889
-0.51196155
-0.42500000
-0.26659597
-0.14206148
-0.14179492
-0.28527036
-0.44855752
-0.53000000
-0.47355752
-0.30527036
-0.16179492
-0.14206148
-0.26659597
-0.44500000
-0.54696155
-0.49820889
-0.34000000
-0.18179111
-0.13803845
-0.23000000
-0.40340403
-0.52793852
-0.50820508
-0.35472964
-0.21144248
-0.14000000
-0.22144248
-0.39972964
-0.53320508
-0.53293852
-0.41340403
-0.25000000
-0.15303845
-0.19679111
-0.34000000
-0.49320889
-0.54196155
-0.44500000
-0.31159597
-0.17206148
-0.18679492
-0.31027036
-0.47355752
-0.55000000
-0.48355752
-0.31027036
-0.15679492
-0.14206148
-0.26659597
-0.43500000
-0.53696155
-0.48320889
-0.32000000
-0.13679111
-0.09303845
-0.20000000
-0.37340403
-0.47293852
-0.45320508
-0.30972964
-0.15144248
-0.07500000
-0.14144248
-0.29972964
-0.42320508
-0.41793852
-0.31340403
-0.14000000
-0.05803845
-0.10179111
-0.24500000
-0.38820889
-0.45196155
-0.36500000
-0.19159597
-0.06706148
-0.09679492
-0.23027036
-0.40855752
-0.45500000
-0.37855752
-0.21027036
-0.09179492
-0.09206148
-0.23159597
-0.41500000
-0.52196155
-0.48820889
-0.34500000
-0.17679111
-0.13803845
-0.24500000
-0.42840403
-0.53793852
-0.51320508
-0.36972964
-0.21644248
-0.16000000
-0.23644248
-0.40972964
-0.54320508
-0.55293852
-0.43340403
-0.28000000
-0.17803845
-0.22179111
-0.36500000
-0.52320889
-0.55696155
-0.47000000
-0.31159597
-0.17706148
-0.18679492
-0.31527036
-0.48355752
-0.57000000
-0.51355752
-0.36027036
-0.25679492
-0.25706148
-0.41659597
-0.61500000
-0.76196155
-0.70820889
-0.47500000
-0.20179111
-0.02303845
0.04500000
0.11659597
0.28706148
0.53179492
0.78527036
0.90855752
0.73500000
0.27355752
-0.23472964
-0.59320508
-0.68793852
-0.54840403
-0.35000000
-0.21303845
-0.24679111
-0.39000000
-0.54320889
-0.59696155
-0.50500000
-0.35659597
-0.23706148
-0.23179492
-0.36027036
-0.53355752
-0.60500000
-0.54355752
-0.37027036
-0.21179492
-0.20206148
-0.32659597
-0.49500000
-0.59196155
-0.54820889
-0.38500000
-0.23679111
-0.19303845
-0.30000000
-0.49340403
-0.59793852
-0.57320508
-0.42972964
-0.27144248
-0.20500000
-0.29644248
-0.44972964
-0.57820508
-0.59293852
-0.47340403
-0.31000000
-0.21803845
-0.25179111
-0.42000000
-0.55820889
-0.60696155
-0.51000000
-0.35159597
-0.22706148
-0.23179492
-0.36027036
-0.52355752
-0.59500000
-0.52855752
-0.36027036
-0.22179492
-0.21706148
-0.33659597
-0.52000000
-0.63196155
-0.56820889
-0.40500000
-0.24179111
-0.19303845
-0.31500000
-0.47340403
-0.59293852
-0.57320508
-0.42972964
-0.26644248
-0.20500000
-0.29144248
-0.44972964
-0.57320508
-0.58293852
-0.46840403
-0.30500000
-0.22803845
-0.27179111
-0.42500000
-0.57320889
-0.62196155
-0.55000000
-0.37659597
-0.26206148
-0.26179492
-0.41027036
-0.59855752
-0.65500000
-0.58855752
-0.40527036
-0.26179492
-0.23706148
-0.36159597
-0.54500000
-0.64696155
-0.59820889
-0.43000000
-0.26679111
-0.21303845
-0.32500000
-0.48840403
-0.59293852
-0.55320508
-0.40472964
-0.23644248
-0.16500000
-0.23644248
-0.37972964
-0.50320508
-0.50293852
-0.37340403
-0.20500000
-0.12303845
-0.15679111
-0.31000000
-0.45820889
-0.50696155
-0.41500000
-0.25159597
-0.12706148
-0.13179492
-0.27027036
-0.42355752
-0.51000000
-0.44855752
-0.27527036
-0.14179492
-0.10706148
-0.23159597
-0.40500000
-0.49696155
-0.43820889
-0.28000000
-0.13679111
-0.09803845
-0.20500000
-0.39340403
-0.49293852
-0.47320508
-0.33472964
-0.18644248
-0.12500000
-0.20644248
-0.35972964
-0.48820508
-0.50793852
-0.40340403
-0.23000000
-0.14303845
-0.17179111
-0.32500000
-0.47320889
-0.51196155
-0.43500000
-0.26659597
-0.15706148
-0.16179492
-0.29027036
-0.45855752
-0.51500000
-0.46355752
-0.29527036
-0.15679492
-0.14206148
-0.26159597
-0.43500000
-0.53696155
-0.48320889
-0.32000000
-0.16179111
-0.12803845
-0.23500000
-0.42340403
-0.53293852
-0.51320508
-0.36972964
-0.19144248
-0.12500000
-0.22144248
-0.36472964
-0.48820508
-0.50293852
-0.39840403
-0.23000000
-0.13803845
-0.18179111
-0.33000000
-0.48320889
-0.52696155
-0.44000000
-0.27159597
-0.15206148
-0.15179492
-0.29027036
-0.45355752
-0.54500000
-0.47855752
-0.30527036
-0.15679492
-0.13206148
-0.24159597
-0.40500000
-0.50196155
-0.42820889
-0.27000000
-0.10179111
-0.06303845
-0.16500000
-0.32840403
-0.43793852
-0.40820508
-0.26972964
-0.09144248
-0.03500000
-0.10644248
-0.25472964
-0.40320508
-0.41293852
-0.30340403
-0.14500000
-0.05803845
-0.08679111
-0.23000000
-0.38320889
-0.44696155
-0.35500000
-0.18159597
-0.04206148
-0.03179492
-0.16027036
-0.33855752
-0.43000000
-0.39855752
-0.23527036
-0.11179492
-0.09706148
-0.24159597
-0.43000000
-0.53696155
-0.49320889
-0.34500000
-0.19679111
-0.15303845
-0.24000000
-0.42340403
-0.53293852
-0.51320508
-0.37472964
-0.21644248
-0.15500000
-0.24144248
-0.38972964
-0.54320508
-0.53293852
-0.40840403
-0.26000000
-0.18303845
-0.20679111
-0.34500000
-0.50320889
-0.54696155
-0.45500000
-0.31159597
-0.20206148
-0.22179492
-0.39027036
-0.58355752
-0.67500000
-0.63855752
-0.51027036
-0.36679492
-0.30706148
-0.33659597
-0.39500000
-0.35696155
-0.11320889
0.31500000
0.74820889
0.99696155
0.98500000
0.72659597
0.33206148
-0.04320508
-0.24972964
-0.29644248
-0.30000000
-0.36144248
-0.48472964
-0.57320508
-0.57793852
-0.46340403
-0.29500000
-0.20303845
-0.23679111
-0.38000000
-0.53820889
-0.58196155
-0.50000000
-0.34159597
-0.22206148
-0.21679492
-0.35527036
-0.53355752
-0.60500000
-0.54355752
-0.37527036
-0.22179492
-0.20706148
-0.33159597
-0.51500000
-0.61196155
-0.56820889
-0.40000000
-0.23679111
-0.19303845
-0.31000000
-0.48340403
-0.59293852
-0.56820508
-0.42972964
-0.26644248
-0.20500000
-0.28144248
-0.44472964
-0.57320508
-0.57793852
-0.46340403
-0.31000000
-0.22803845
-0.26179111
-0.40500000
-0.56320889
-0.60196155
-0.51500000
-0.35659597
-0.23706148
-0.23679492
-0.36027036
-0.51855752
-0.60000000
-0.53855752
-0.37527036
-0.22679492
-0.20206148
-0.34159597
-0.52000000
-0.61696155
-0.56820889
-0.41500000
-0.25179111
-0.22303845
-0.31500000
-0.49340403
-0.59793852
-0.57320508
-0.43972964
-0.27144248
-0.20000000
-0.28144248
-0.43472964
-0.56820508
-0.58293852
-0.47340403
-0.31000000
-0.22803845
-0.27179111
-0.41000000
-0.56320889
-0.61696155
-0.53000000
-0.37659597
-0.25206148
-0.26179492
-0.39527036
-0.55855752
-0.65000000
-0.57355752
-0.41027036
-0.26179492
-0.24706148
-0.37659597
-0.54000000
-0.64696155
-0.58320889
-0.43000000
-0.26179111
-0.20303845
-0.30000000
-0.45340403
-0.55293852
-0.50820508
-0.36472964
-0.19644248
-0.13000000
-0.20144248
-0.34472964
-0.46820508
-0.47293852
-0.35840403
-0.19000000
-0.11303845
-0.14179111
-0.28500000
-0.43320889
-0.49696155
-0.39000000
-0.22659597
-0.10206148
-0.10679492
-0.24027036
-0.40355752
-0.49000000
-0.41855752
-0.25027036
-0.09679492
-0.08206148
-0.20159597
-0.37500000
-0.48696155
-0.43820889
-0.27500000
-0.12179111
-0.09303845
-0.19500000
-0.37340403
-0.48293852
-0.46820508
-0.31972964
-0.16144248
-0.10000000
-0.17644248
-0.34472964
-0.46820508
-0.48793852
-0.37340403
-0.21000000
-0.12803845
-0.17179111
-0.31500000
-0.46320889
-0.51196155
-0.41500000
-0.25659597
-0.13206148
-0.13679492
-0.28527036
-0.44355752
-0.53000000
-0.45855752
-0.28527036
-0.13679492
-0.12206148
-0.24159597
-0.43000000
-0.53196155
-0.48320889
-0.32000000
-0.17179111
-0.12803845
-0.23000000
-0.40340403
-0.51793852
-0.49820508
-0.35972964
-0.19144248
-0.12500000
-0.20144248
-0.35972964
-0.48820508
-0.49293852
-0.39340403
-0.21500000
-0.13803845
-0.17679111
-0.31000000
-0.47320889
-0.52696155
-0.43000000
-0.26659597
-0.14206148
-0.15679492
-0.28527036
-0.44855752
-0.53000000
-0.45855752
-0.29027036
-0.14179492
-0.12706148
-0.24659597
-0.43000000
-0.52696155
-0.47320889
-0.31500000
-0.15179111
-0.10803845
-0.19500000
-0.38340403
-0.48793852
-0.44820508
-0.28972964
-0.12644248
-0.06000000
-0.13644248
-0.28972964
-0.40820508
-0.41793852
-0.29340403
-0.12000000
-0.02303845
-0.06179111
-0.20000000
-0.35820889
-0.40196155
-0.32500000
-0.16659597
-0.05206148
-0.05679492
-0.18027036
-0.36855752
-0.44000000
-0.37855752
-0.20027036
-0.03679492
-0.01206148
-0.15159597
-0.35500000
-0.47196155
-0.43820889
-0.30000000
-0.15179111
-0.12303845
-0.23000000
-0.39340403
-0.50793852
-0.50320508
-0.36472964
-0.20644248
-0.14000000
-0.21644248
-0.37472964
-0.50820508
-0.50793852
-0.39340403
-0.23500000
-0.14803845
-0.19179111
-0.34500000
-0.48820889
-0.53696155
-0.44500000
-0.28659597
-0.15206148
-0.16679492
-0.30527036
-0.46855752
-0.54500000
-0.48355752
-0.33027036
-0.19679492
-0.21706148
-0.37659597
-0.58000000
-0.69196155
-0.67320889
-0.53500000
-0.35179111
-0.21803845
-0.18000000
-0.20340403
-0.12293852
0.12679492
0.54527036
0.93855752
1.14500000
1.04855752
0.74027036
0.27179492
-0.16793852
-0.36340403
-0.34500000
-0.27303845
-0.27179111
-0.38000000
-0.51320889
-0.55696155
-0.47000000
-0.31159597
-0.19206148
-0.20179492
-0.33527036
-0.49355752
-0.57000000
-0.51355752
-0.35027036
-0.20179492
-0.18206148
-0.30159597
-0.48500000
-0.59196155
-0.53820889
-0.38500000
-0.23679111
-0.18803845
-0.29500000
-0.47840403
-0.58793852
-0.56820508
-0.41472964
-0.26644248
-0.19500000
-0.27144248
-0.43472964
-0.56820508
-0.57793852
-0.45840403
-0.29500000
-0.20803845
-0.23679111
-0.38500000
-0.52820889
-0.57196155
-0.48000000
-0.32159597
-0.19706148
-0.19679492
-0.33527036
-0.49855752
-0.57500000
-0.51355752
-0.33527036
-0.21679492
-0.18706148
-0.30159597
-0.48000000
-0.58696155
-0.54320889
-0.38500000
-0.22179111
-0.17803845
-0.28500000
-0.46340403
-0.57793852
-0.55820508
-0.40972964
-0.25144248
-0.18500000
-0.26144248
-0.41472964
-0.55320508
-0.55793852
-0.43840403
-0.26500000
-0.19303845
-0.21179111
-0.36500000
-0.51320889
-0.57196155
-0.48000000
-0.33159597
-0.20206148
-0.20179492
-0.34027036
-0.49855752
-0.58500000
-0.51855752
-0.35527036
-0.21679492
-0.20206148
-0.30659597
-0.48500000
-0.59196155
-0.53320889
-0.37000000
-0.22179111
-0.17803845
-0.29000000
-0.47340403
-0.56293852
-0.54320508
-0.39472964
-0.24644248
-0.18500000
-0.25144248
-0.40472964
-0.53320508
-0.53293852
-0.41340403
-0.23000000
-0.13303845
-0.16179111
-0.31000000
-0.44820889
-0.48196155
-0.38500000
-0.22659597
-0.09206148
-0.09679492
-0.24527036
-0.40855752
-0.48000000
-0.41855752
-0.25527036
-0.10679492
-0.08706148
-0.21159597
-0.38500000
-0.48696155
-0.44320889
-0.28000000
-0.12679111
-0.08803845
-0.19000000
-0.36840403
-0.48293852
-0.45820508
-0.31472964
-0.15644248
-0.08500000
-0.16644248
-0.31972964
-0.45320508
-0.46293852
-0.34840403
-0.19000000
-0.11303845
-0.15179111
-0.28500000
-0.42320889
-0.46696155
-0.37500000
-0.21659597
-0.09706148
-0.09679492
-0.23027036
-0.39355752
-0.46500000
-0.40855752
-0.23027036
-0.07179492
-0.04706148
-0.16659597
-0.35000000
-0.44696155
-0.39820889
-0.21500000
-0.06679111
-0.04803845
-0.15500000
-0.29840403
-0.39293852
-0.38320508
-0.25472964
-0.10144248
-0.04000000
-0.11144248
-0.27972964
-0.42320508
-0.45793852
-0.35340403
-0.21500000
-0.12303845
-0.16679111
-0.31000000
-0.48320889
-0.53696155
-0.44500000
-0.29159597
-0.17706148
-0.18679492
-0.31527036
-0.48355752
-0.57500000
-0.51355752
-0.34027036
-0.19679492
-0.17706148
-0.29659597
-0.47000000
-0.57696155
-0.51320889
-0.35000000
-0.20179111
-0.15803845
-0.25000000
-0.43340403
-0.53793852
-0.52320508
-0.37472964
-0.22644248
-0.15000000
-0.24644248
-0.39972964
-0.54820508
-0.58793852
-0.49840403
-0.37500000
-0.32303845
-0.36679111
-0.55000000
-0.72320889
-0.73696155
-0.54500000
-0.23659597
0.04793852
0.19820508
0.29472964
0.38144248
0.53500000
0.71644248
0.90972964
0.90820508
0.58793852
0.04340403
-0.43500000
-0.67696155
-0.62320889
-0.41500000
-0.22179111
-0.16803845
-0.28500000
-0.46840403
-0.56793852
-0.56320508
-0.40972964
-0.25644248
-0.19500000
-0.27644248
-0.42472964
-0.55320508
-0.57293852
-0.45340403
-0.29500000
-0.20303845
-0.25179111
-0.40000000
-0.54320889
-0.58696155
-0.49500000
-0.33159597
-0.20206148
-0.21179492
-0.35527036
-0.51355752
-0.61000000
-0.54855752
-0.37027036
-0.23679492
-0.20206148
-0.32159597
-0.49000000
-0.59696155
-0.55320889
-0.39000000
-0.22179111
-0.18303845
-0.29500000
-0.46840403
-0.57793852
-0.57320508
-0.42472964
-0.26644248
-0.21000000
-0.28644248
-0.43972964
-0.55820508
-0.57293852
-0.44840403
-0.30000000
-0.20303845
-0.24179111
-0.39000000
-0.53320889
-0.57196155
-0.49500000
-0.32659597
-0.19706148
-0.20679492
-0.34027036
-0.51355752
-0.59000000
-0.52855752
-0.36527036
-0.21179492
-0.19206148
-0.32659597
-0.49000000
-0.59696155
-0.54820889
-0.38500000
-0.22679111
-0.18803845
-0.29500000
-0.47340403
-0.58793852
-0.56320508
-0.41472964
-0.25144248
-0.18500000
-0.27644248
-0.42972964
-0.57320508
-0.57793852
-0.46840403
-0.30500000
-0.22803845
-0.26679111
-0.40500000
-0.55320889
-0.60196155
-0.50500000
-0.34659597
-0.21206148
-0.21679492
-0.34527036
-0.51355752
-0.59500000
-0.53355752
-0.35527036
-0.19679492
-0.18206148
-0.30159597
-0.48500000
-0.56696155
-0.50820889
-0.34500000
-0.18679111
-0.13803845
-0.24000000
-0.42340403
-0.52293852
-0.49820508
-0.34472964
-0.17644248
-0.10500000
-0.19144248
-0.34972964
-0.48320508
-0.49293852
-0.37340403
-0.23000000
-0.12803845
-0.19179111
-0.32500000
-0.46820889
-0.51196155
-0.40500000
-0.24159597
-0.12206148
-0.12679492
-0.27027036
-0.43355752
-0.51500000
-0.44855752
-0.29027036
-0.14179492
-0.11706148
-0.24659597
-0.42500000
-0.52196155
-0.48320889
-0.31500000
-0.16179111
-0.11303845
-0.23000000
-0.40840403
-0.52293852
-0.50320508
-0.37972964
-0.22644248
-0.16500000
-0.24144248
-0.37972964
-0.51320508
-0.52793852
-0.41340403
-0.26000000
-0.16803845
-0.20679111
-0.36000000
-0.49820889
-0.55196155
-0.46500000
-0.28159597
-0.17206148
-0.17679492
-0.30527036
-0.47355752
-0.55500000
-0.49855752
-0.31527036
-0.17679492
-0.16206148
-0.27659597
-0.45000000
-0.55196155
-0.51320889
-0.34500000
-0.20179111
-0.15303845
-0.26000000
-0.43840403
-0.54293852
-0.52820508
-0.38472964
-0.22644248
-0.16000000
-0.26144248
-0.41972964
-0.53320508
-0.54793852
-0.43840403
-0.27000000
-0.19303845
-0.22179111
-0.37000000
-0.50320889
-0.53696155
-0.44500000
-0.29159597
-0.17206148
-0.17679492
-0.31527036
-0.46355752
-0.56000000
-0.49355752
-0.33027036
-0.18679492
-0.17206148
-0.29659597
-0.47500000
-0.58196155
-0.53820889
-0.36500000
-0.21679111
-0.17803845
-0.27000000
-0.44340403
-0.55293852
-0.52820508
-0.38972964
-0.23144248
-0.16500000
-0.24144248
-0.39472964
-0.52320508
-0.52793852
-0.41340403
-0.24000000
-0.15303845
-0.19179111
-0.35000000
-0.51320889
-0.54696155
-0.46000000
-0.30159597
-0.17206148
-0.18679492
-0.32027036
-0.48855752
-0.57500000
-0.50355752
-0.33527036
-0.17679492
-0.16706148
-0.29159597
-0.46500000
-0.57196155
-0.52320889
-0.36500000
-0.20679111
-0.15803845
-0.26000000
-0.42840403
-0.53793852
-0.51320508
-0.37972964
-0.21644248
-0.15500000
-0.23144248
-0.39472964
-0.53820508
-0.53293852
-0.42340403
-0.25000000
-0.16303845
-0.20179111
-0.36000000
-0.49820889
-0.53196155
-0.43000000
-0.26159597
-0.12206148
-0.13179492
-0.26527036
-0.43355752
-0.49500000
-0.43355752
-0.25027036
-0.10179492
-0.07706148
-0.18659597
-0.35500000
-0.45696155
-0.41820889
-0.25500000
-0.10179111
-0.06303845
-0.18000000
-0.35840403
-0.46793852
-0.44320508
-0.28972964
-0.14644248
-0.09000000
-0.19144248
-0.33472964
-0.46820508
-0.45793852
-0.33340403
-0.17000000
-0.08803845
-0.14679111
-0.31000000
-0.46820889
-0.51696155
-0.45000000
-0.30159597
-0.17706148
-0.19179492
-0.33027036
-0.49855752
-0.57000000
-0.49855752
-0.34527036
-0.18679492
-0.18706148
-0.30659597
-0.50000000
-0.61696155
-0.55820889
-0.40000000
-0.23179111
-0.18303845
-0.30000000
-0.48340403
-0.59293852
-0.56820508
-0.42972964
-0.26644248
-0.21000000
-0.30144248
-0.47472964
-0.62820508
-0.67793852
-0.55340403
-0.42000000
-0.37303845
-0.42179111
-0.52500000
-0.57320889
-0.50196155
-0.29000000
0.04840403
0.40793852
0.65820508
0.74972964
0.71644248
0.68500000
0.66144248
0.59472964
0.39820508
0.11793852
-0.21659597
-0.52500000
-0.69696155
-0.70320889
-0.53500000
-0.34679111
-0.26803845
-0.35000000
-0.51840403
-0.62293852
-0.59320508
-0.44472964
-0.28144248
-0.21500000
-0.29144248
-0.45972964
-0.59320508
-0.61793852
-0.49840403
-0.34000000
-0.25303845
-0.29679111
-0.43000000
-0.58320889
-0.62696155
-0.54500000
-0.37659597
-0.25206148
-0.25179492
-0.39527036
-0.55855752
-0.62500000
-0.57355752
-0.41027036
-0.25679492
-0.24706148
-0.36659597
-0.54500000
-0.64196155
-0.58820889
-0.43000000
-0.27179111
-0.23303845
-0.33000000
-0.50840403
-0.60793852
-0.60320508
-0.45972964
-0.30144248
-0.24000000
-0.31144248
-0.46472964
-0.60320508
-0.60293852
-0.49340403
-0.33000000
-0.25803845
-0.29179111
-0.44500000
-0.58320889
-0.62696155
-0.54000000
-0.37159597
-0.24706148
-0.25679492
-0.38027036
-0.54355752
-0.62500000
-0.55355752
-0.38527036
-0.23179492
-0.21706148
-0.34659597
-0.51500000
-0.62196155
-0.58320889
-0.40500000
-0.25179111
-0.20803845
-0.30500000
-0.49840403
-0.60293852
-0.58320508
-0.44972964
-0.30144248
-0.24500000
-0.33644248
-0.49472964
-0.62320508
-0.64293852
-0.52840403
-0.36500000
-0.28803845
-0.34179111
-0.47500000
-0.64320889
-0.69696155
-0.59500000
-0.44659597
-0.31206148
-0.31179492
-0.45527036
-0.61355752
-0.70000000
-0.62855752
-0.45527036
-0.30679492
-0.27206148
-0.39159597
-0.57000000
-0.66196155
-0.59320889
-0.43000000
-0.27179111
-0.21303845
-0.31000000
-0.46840403
-0.57793852
-0.55320508
-0.38972964
-0.22144248
-0.15500000
-0.22144248
-0.37472964
-0.50320508
-0.51293852
-0.37340403
-0.22000000
-0.11803845
-0.15179111
-0.30000000
-0.45820889
-0.50196155
-0.41000000
-0.26159597
-0.12206148
-0.14179492
-0.28027036
-0.44855752
-0.52500000
-0.45355752
-0.29027036
-0.13679492
-0.12206148
-0.24659597
-0.42500000
-0.52696155
-0.47820889
-0.32500000
-0.16179111
-0.12303845
-0.23000000
-0.40340403
-0.51793852
-0.48820508
-0.35472964
-0.19144248
-0.13500000
-0.20644248
-0.35972964
-0.49820508
-0.50793852
-0.38840403
-0.22500000
-0.15303845
-0.19179111
-0.34500000
-0.48820889
-0.54196155
-0.45500000
-0.28659597
-0.16706148
-0.17179492
-0.30027036
-0.46355752
-0.54500000
-0.48355752
-0.30527036
-0.16179492
-0.14206148
-0.26659597
-0.44500000
-0.54696155
-0.50320889
-0.34000000
-0.18179111
-0.13303845
-0.26000000
-0.42340403
-0.53293852
-0.50820508
-0.37972964
-0.22144248
-0.16000000
-0.25144248
-0.40472964
-0.51820508
-0.53293852
-0.41840403
-0.25500000
-0.16803845
-0.20679111
-0.34500000
-0.49820889
-0.54696155
-0.46000000
-0.29159597
-0.16206148
-0.18179492
-0.30527036
-0.47355752
-0.55500000
-0.48355752
-0.32027036
-0.16679492
-0.15206148
-0.27659597
-0.46500000
-0.56696155
-0.50320889
-0.33000000
-0.16679111
-0.11803845
-0.19500000
-0.37340403
-0.48293852
-0.47320508
-0.31972964
-0.14644248
-0.06000000
-0.14644248
-0.29972964
-0.43320508
-0.43793852
-0.31340403
-0.15500000
-0.06803845
-0.10679111
-0.26000000
-0.40320889
-0.45696155
-0.38000000
-0.21159597
-0.08706148
-0.11179492
-0.24527036
-0.38355752
-0.44500000
-0.37355752
-0.22527036
-0.11179492
-0.10206148
-0.23159597
-0.42000000
-0.53196155
-0.50820889
-0.35000000
-0.20179111
-0.15803845
-0.27500000
-0.45340403
-0.56793852
-0.53320508
-0.38472964
-0.23144248
-0.16500000
-0.24144248
-0.40472964
-0.53820508
-0.54793852
-0.43340403
-0.27000000
-0.18803845
-0.23179111
-0.36500000
-0.51320889
-0.57696155
-0.48500000
-0.32659597
-0.20706148
-0.21179492
-0.34527036
-0.52355752
-0.62500000
-0.59355752
-0.46527036
-0.34179492
-0.34206148
-0.49159597
-0.68500000
-0.72696155
-0.56320889
-0.25500000
0.04820889
0.30196155
0.45500000
0.53159597
0.62206148
0.71679492
0.79527036
0.70855752
0.38500000
-0.07644248
-0.48472964
-0.69820508
-0.68293852
-0.53340403
-0.33500000
-0.21803845
-0.26179111
-0.41500000
-0.55320889
-0.59196155
-0.50500000
-0.35659597
-0.24706148
-0.24179492
-0.38027036
-0.54355752
-0.61500000
-0.55855752
-0.38527036
-0.23679492
-0.21706148
-0.35159597
-0.51000000
-0.61696155
-0.55320889
-0.39500000
-0.23179111
-0.20303845
-0.30000000
-0.46840403
-0.58793852
-0.56820508
-0.43472964
-0.27144248
-0.20000000
-0.28144248
-0.42972964
-0.58320508
-0.58793852
-0.46340403
-0.30500000
-0.21303845
-0.26179111
-0.40500000
-0.55320889
-0.59196155
-0.50500000
-0.34659597
-0.21706148
-0.24179492
-0.37527036
-0.53355752
-0.60500000
-0.53855752
-0.37027036
-0.22679492
-0.20706148
-0.33659597
-0.50500000
-0.59696155
-0.54820889
-0.39000000
-0.24179111
-0.19303845
-0.29500000
-0.48840403
-0.60293852
-0.57820508
-0.43472964
-0.27144248
-0.21500000
-0.29144248
-0.44472964
-0.56820508
-0.58793852
-0.47340403
-0.31500000
-0.23803845
-0.26179111
-0.41500000
-0.55320889
-0.60196155
-0.52000000
-0.36159597
-0.23706148
-0.23679492
-0.37527036
-0.53355752
-0.61500000
-0.55355752
-0.39027036
-0.24679492
-0.22206148
-0.34159597
-0.52000000
-0.62696155
-0.57820889
-0.42000000
-0.25179111
-0.21803845
-0.31000000
-0.47840403
-0.57293852
-0.54320508
-0.39472964
-0.22144248
-0.15000000
-0.22144248
-0.36972964
-0.49320508
-0.49293852
-0.38340403
-0.21500000
-0.12303845
-0.15179111
-0.30500000
-0.44820889
-0.48696155
-0.39500000
-0.22659597
-0.09706148
-0.11179492
-0.23527036
-0.40855752
-0.48000000
-0.42355752
-0.24527036
-0.11179492
-0.08706148
-0.21659597
-0.39500000
-0.50196155
-0.44820889
-0.28500000
-0.13179111
-0.09303845
-0.20000000
-0.37840403
-0.48293852
-0.47320508
-0.32472964
-0.15644248
-0.10500000
-0.18144248
-0.33472964
-0.46820508
-0.49293852
-0.36840403
-0.20500000
-0.12303845
-0.16679111
-0.31000000
-0.45320889
-0.50696155
-0.42000000
-0.27159597
-0.14206148
-0.13679492
-0.28027036
-0.45355752
-0.52500000
-0.47355752
-0.29527036
-0.14679492
-0.13206148
-0.26659597
-0.43500000
-0.55196155
-0.49320889
-0.32000000
-0.16179111
-0.13303845
-0.24000000
-0.40840403
-0.53793852
-0.50320508
-0.36472964
-0.21144248
-0.15000000
-0.22644248
-0.37972964
-0.50820508
-0.52293852
-0.40840403
-0.24000000
-0.14803845
-0.18179111
-0.33500000
-0.47820889
-0.52196155
-0.43500000
-0.27159597
-0.15206148
-0.14679492
-0.28027036
-0.44855752
-0.53500000
-0.46355752
-0.28527036
-0.15179492
-0.12706148
-0.25159597
-0.42000000
-0.54196155
-0.48820889
-0.32000000
-0.15679111
-0.12303845
-0.22000000
-0.40840403
-0.51793852
-0.49320508
-0.34472964
-0.18144248
-0.11000000
-0.16644248
-0.31472964
-0.42820508
-0.43793852
-0.31840403
-0.15500000
-0.06303845
-0.08679111
-0.22000000
-0.38320889
-0.42696155
-0.31500000
-0.15159597
-0.03706148
-0.05679492
-0.19527036
-0.36355752
-0.44500000
-0.38355752
-0.20527036
-0.06179492
-0.05706148
-0.16659597
-0.33000000
-0.41696155
-0.34820889
-0.22000000
-0.09179111
-0.06303845
-0.17000000
-0.35840403
-0.48793852
-0.47820508
-0.33972964
-0.19144248
-0.13000000
-0.22144248
-0.38472964
-0.50820508
-0.52293852
-0.40340403
-0.24000000
-0.15303845
-0.19679111
-0.34500000
-0.48820889
-0.54196155
-0.45500000
-0.30159597
-0.16206148
-0.17179492
-0.30027036
-0.46355752
-0.53500000
-0.48355752
-0.32027036
-0.17179492
-0.16706148
-0.32659597
-0.55000000
-0.67696155
-0.65820889
-0.52500000
-0.39179111
-0.30303845
-0.29500000
-0.32340403
-0.25793852
-0.02820508
0.39027036
0.81355752
1.07500000
1.05355752
0.76027036
0.29679492
-0.16793852
-0.39340403
-0.37000000
-0.28803845
-0.25679111
-0.36500000
-0.50820889
-0.56196155
-0.48000000
-0.31659597
-0.19206148
-0.19679492
-0.33527036
-0.50355752
-0.58500000
-0.52355752
-0.35027036
-0.20679492
-0.19706148
-0.30659597
-0.49000000
-0.60196155
-0.55820889
-0.39000000
-0.23179111
-0.18803845
-0.29000000
-0.47840403
-0.58793852
-0.56320508
-0.41972964
-0.25644248
-0.19500000
-0.26144248
-0.42972964
-0.55320508
-0.56293852
-0.44840403
-0.28500000
-0.20303845
-0.23179111
-0.38000000
-0.52820889
-0.57696155
-0.49500000
-0.32659597
-0.19706148
-0.20179492
-0.33527036
-0.49355752
-0.58500000
-0.52355752
-0.35027036
-0.21179492
-0.18206148
-0.30659597
-0.47000000
-0.57196155
-0.52820889
-0.37000000
-0.20179111
-0.16803845
-0.28000000
-0.44340403
-0.55793852
-0.55320508
-0.39972964
-0.24144248
-0.17500000
-0.26144248
-0.41472964
-0.54820508
-0.56793852
-0.43840403
-0.27500000
-0.18303845
-0.23179111
-0.38500000
-0.52320889
-0.57196155
-0.47500000
-0.31159597
-0.19206148
-0.20679492
-0.34527036
-0.50355752
-0.59000000
-0.52355752
-0.35027036
-0.21179492
-0.18706148
-0.30659597
-0.48500000
-0.58196155
-0.54320889
-0.37000000
-0.21179111
-0.16803845
-0.27500000
-0.45340403
-0.53793852
-0.51820508
-0.35972964
-0.19644248
-0.13000000
-0.19644248
-0.35972964
-0.48820508
-0.50293852
-0.38340403
-0.20000000
-0.10303845
-0.13179111
-0.27000000
-0.41820889
-0.45696155
-0.37500000
-0.21659597
-0.07706148
-0.08179492
-0.21527036
-0.39855752
-0.48000000
-0.41355752
-0.25027036
-0.10679492
-0.08206148
-0.20159597
-0.37000000
-0.48196155
-0.43320889
-0.27500000
-0.11679111
-0.06803845
-0.17500000
-0.35840403
-0.47293852
-0.45820508
-0.30972964
-0.14144248
-0.08000000
-0.16644248
-0.31472964
-0.44320508
-0.45793852
-0.34340403
-0.18500000
-0.10303845
-0.14179111
-0.29000000
-0.44820889
-0.49696155
-0.39000000
-0.23659597
-0.10706148
-0.11679492
-0.26027036
-0.41855752
-0.51000000
-0.44855752
-0.28027036
-0.14179492
-0.11206148
-0.23659597
-0.41500000
-0.52696155
-0.47320889
-0.30500000
-0.16179111
-0.10803845
-0.21500000
-0.39340403
-0.49793852
-0.46820508
-0.33472964
-0.17644248
-0.11000000
-0.19644248
-0.34972964
-0.48820508
-0.49293852
-0.37340403
-0.22500000
-0.12303845
-0.16679111
-0.31000000
-0.45820889
-0.51696155
-0.42000000
-0.25159597
-0.12206148
-0.13179492
-0.25527036
-0.41355752
-0.49000000
-0.43355752
-0.27527036
-0.12679492
-0.11206148
-0.24159597
-0.41500000
-0.51196155
-0.46320889
-0.29500000
-0.14679111
-0.09803845
-0.21500000
-0.37840403
-0.47793852
-0.43820508
-0.27472964
-0.12644248
-0.04000000
-0.12144248
-0.25972964
-0.39820508
-0.40293852
-0.27840403
-0.10000000
0.00196155
-0.04179111
-0.18000000
-0.32820889
-0.37696155
-0.30500000
-0.14659597
-0.02206148
-0.03679492
-0.17527036
-0.33855752
-0.41500000
-0.35355752
-0.17527036
-0.00679492
0.01793852
-0.11659597
-0.34000000
-0.45196155
-0.40820889
-0.27000000
-0.12179111
-0.08803845
-0.20000000
-0.36840403
-0.50293852
-0.47820508
-0.33472964
-0.16644248
-0.10000000
-0.18644248
-0.34472964
-0.48320508
-0.48793852
-0.36840403
-0.20500000
-0.11803845
-0.17179111
-0.32000000
-0.47320889
-0.51696155
-0.42500000
-0.27159597
-0.14706148
-0.15179492
-0.28027036
-0.44855752
-0.54500000
-0.49855752
-0.36027036
-0.25179492
-0.25706148
-0.39659597
-0.61000000
-0.72696155
-0.63820889
-0.37000000
-0.08179111
0.10696155
0.20500000
0.30659597
0.46706148
0.64679492
0.83027036
0.86355752
0.65000000
0.18855752
-0.30472964
-0.60320508
-0.64793852
-0.48340403
-0.28500000
-0.16803845
-0.20179111
-0.35500000
-0.49820889
-0.54696155
-0.45000000
-0.29159597
-0.15706148
-0.16679492
-0.30527036
-0.46355752
-0.53500000
-0.48355752
-0.31027036
-0.16679492
-0.14706148
-0.27159597
-0.45000000
-0.56196155
-0.51320889
-0.36500000
-0.19679111
-0.14803845
-0.26500000
-0.42840403
-0.53793852
-0.52820508
-0.38472964
-0.22644248
-0.15000000
-0.23144248
-0.36972964
-0.50820508
-0.51793852
-0.40840403
-0.25000000
-0.15303845
-0.19179111
-0.33500000
-0.49820889
-0.55196155
-0.45500000
-0.30159597
-0.16706148
-0.17679492
-0.31027036
-0.49355752
-0.56500000
-0.49855752
-0.33027036
-0.18179492
-0.15706148
-0.27659597
-0.44500000
-0.53696155
-0.48820889
-0.32500000
-0.18179111
-0.14803845
-0.25000000
-0.41840403
-0.54293852
-0.52820508
-0.39472964
-0.22144248
-0.16000000
-0.23644248
-0.37972964
-0.51820508
-0.51793852
-0.41840403
-0.24500000
-0.15803845
-0.19679111
-0.34000000
-0.48820889
-0.54696155
-0.46500000
-0.31159597
-0.19706148
-0.18179492
-0.32527036
-0.48355752
-0.57000000
-0.51355752
-0.33527036
-0.19679492
-0.16206148
-0.27659597
-0.46500000
-0.56196155
-0.51320889
-0.34500000
-0.17679111
-0.13303845
-0.23000000
-0.40340403
-0.50293852
-0.48320508
-0.31972964
-0.16144248
-0.09000000
-0.17144248
-0.31472964
-0.44820508
-0.44793852
-0.32840403
-0.17000000
-0.06803845
-0.10179111
-0.25000000
-0.39820889
-0.44196155
-0.35500000
-0.19659597
-0.07206148
-0.08179492
-0.20527036
-0.37855752
-0.45500000
-0.40355752
-0.24027036
-0.09179492
-0.08206148
-0.20659597
-0.38000000
-0.48696155
-0.43320889
-0.27500000
-0.11679111
-0.07303845
-0.18000000
-0.35840403
-0.46793852
-0.45820508
-0.30972964
-0.16144248
-0.08000000
-0.16144248
-0.31472964
-0.45820508
-0.46293852
-0.34840403
-0.19500000
-0.10803845
-0.14679111
-0.30000000
-0.45820889
-0.51196155
-0.42000000
-0.24159597
-0.12206148
-0.12679492
-0.27527036
-0.43855752
-0.52000000
-0.45355752
-0.27527036
-0.14679492
-0.12206148
-0.24159597
-0.41500000
-0.52196155
-0.46820889
-0.30500000
-0.16179111
-0.11303845
-0.22000000
-0.39340403
-0.51293852
-0.49320508
-0.33972964
-0.17644248
-0.10000000
-0.18644248
-0.33472964
-0.48320508
-0.50293852
-0.37340403
-0.21000000
-0.12303845
-0.15679111
-0.30000000
-0.44820889
-0.49696155
-0.41500000
-0.25659597
-0.13706148
-0.13179492
-0.27527036
-0.41855752
-0.51500000
-0.45355752
-0.28527036
-0.11679492
-0.09206148
-0.19159597
-0.36000000
-0.46196155
-0.41320889
-0.25000000
-0.07679111
-0.02303845
-0.12000000
-0.30340403
-0.40793852
-0.37820508
-0.23972964
-0.08144248
-0.01000000
-0.10144248
-0.27472964
-0.40320508
-0.41293852
-0.30340403
-0.15000000
-0.06803845
-0.10679111
-0.24500000
-0.36820889
-0.41196155
-0.34500000
-0.21159597
-0.08706148
-0.10179492
-0.26027036
-0.43855752
-0.52500000
-0.46855752
-0.30527036
-0.15179492
-0.12706148
-0.24159597
-0.41500000
-0.52696155
-0.48320889
-0.32500000
-0.17179111
-0.13803845
-0.24500000
-0.41840403
-0.53793852
-0.52320508
-0.37972964
-0.22144248
-0.16500000
-0.23144248
-0.38472964
-0.52820508
-0.53293852
-0.41340403
-0.25000000
-0.16803845
-0.22679111
-0.40500000
-0.57820889
-0.63696155
-0.57000000
-0.45159597
-0.35206148
-0.31679492
-0.35527036
-0.38855752
-0.31500000
-0.04355752
0.39472964
0.78820508
0.96793852
0.90340403
0.62000000
0.21303845
-0.12320889
-0.25500000
-0.26179111
-0.27303845
-0.36500000
-0.50340403
-0.58293852
-0.54820508
-0.40472964
-0.24644248
-0.17500000
-0.26144248
-0.43472964
-0.55320508
-0.57293852
-0.45340403
-0.28500000
-0.18803845
-0.21679111
-0.37000000
-0.51320889
-0.57696155
-0.48000000
-0.31659597
-0.18206148
-0.19679492
-0.33027036
-0.50355752
-0.58500000
-0.51855752
-0.35527036
-0.21179492
-0.19706148
-0.32659597
-0.49000000
-0.59696155
-0.55820889
