   -13
     9
    29
    16
   -21
   -38
     3
    88
   147
   105
   -34
  -176
  -196
   -41
   201
   349
   264
   -34
  -343
  -420
  -167
   273
   585
   508
    46
  -499
  -722
  -410
   270
   841
   860
   248
  -596
 -1055
  -743
   184
  1085
  1281
   558
  -624
 -1417
 -1194
   -38
  1264
  1750
   998
  -526
 -1743
 -1723
  -400
  1330
  2212
  1539
  -288
 -1984
 -2292
  -901
  1253
  2627
  2167
 -4031
 -1857
 -1364
 -2814
 -5094
 -6570
 -6250
 -4445
 -1774
 -1465
 -2682
 -4687
 -6427
 -6349
 -5220
 -4029
 -3381
 -4081
 -5095
 -5938
 -6723
 -5906
 -4764
 -3578
 -3071
 -3598
 -5351
 -6798
 -6682
 -6443
 -5298
 -5825
 -6713
 -7969
 -8917
 -8661
 -7857
 -6804
 -6312
 -7050
 -8092
 -9048
 -9005
 -8461
 -7821
 -7379
 -7886
 -8724
 -8640
 -8455
 -8130
 -7773
 -7584
 -8203
 -8142
 -8851
 -8471
 -8608
 -8521
 -8612
 -8674
 -9298
-10380
-11377
-11368
-11640
-12684
-13348
-13490
-12160
 -9796
 -6717
 -2153
  3709
 11280
 18219
 22432
 23748
 21451
 14645
  5043
 -4213
 -9924
-12241
-12371
-11025
 -9759
 -9231
 -9137
 -9321
 -9127
 -9394
 -9394
 -9214
 -9175
 -9220
 -9193
 -8922
 -9864
 -9895
 -9794
 -9680
 -9168
 -8805
 -9028
 -9340
-10092
-10483
 -9732
 -9122
 -8313
 -8750
 -8987
 -9565
 -9988
 -9745
 -9631
 -9551
 -9795
 -9950
 -9752
 -9611
 -9576
 -9395
 -9484
 -9694
 -9060
 -9224
 -9502
 -9525
 -9581
 -9464
 -9541
 -9297
 -9715
-10156
-10394
-10238
 -9988
 -9419
 -9019
 -9402
 -9280
 -9780
 -9422
 -9593
 -9567
 -9798
 -9749
-10026
 -9633
 -9690
 -9586
 -9434
 -9956
 -9900
 -9735
 -9476
 -9538
 -9580
-10006
-10102
-10044
 -9734
 -9762
 -9534
-10009
-10292
-10238
-10179
-10302
-10198
-10546
-11019
-10578
-10233
-10030
-10153
-10620
-10684
-10440
-10433
-10241
-10182
-10303
-10473
-10099
 -9430
 -9288
 -9244
 -9473
 -9586
 -8889
 -8516
 -8569
 -8293
 -8396
 -8191
 -8008
 -7735
 -7222
 -7139
 -7155
 -7546
 -7191
 -6858
 -6437
 -6928
 -6992
 -7301
 -7259
 -6760
 -7000
 -7154
 -6929
 -7277
 -7152
 -7113
 -7478
 -7291
 -7300
 -7498
 -7700
 -7580
 -7406
 -7774
 -7872
 -8159
 -7774
 -7688
 -7429
 -7982
 -7930
 -8023
 -7721
 -7755
 -7529
 -7716
 -8140
 -8235
 -7892
 -7726
 -8036
 -7949
 -8571
 -8575
 -8680
 -8343
 -8464
 -8770
 -8817
 -8712
 -8426
 -8111
 -8071
 -8192
 -8347
 -8810
 -8271
 -8422
 -8545
 -8659
 -8784
 -9224
 -8819
 -8549
 -8260
 -8813
 -9218
 -9350
 -8928
 -8519
 -8683
 -8828
 -9098
 -9365
 -9210
 -8928
 -8801
 -8673
 -8673
 -8805
 -8500
 -8636
 -8217
 -8523
 -8537
 -8675
 -8650
 -8200
 -7912
 -8366
 -8681
 -8978
 -8672
 -8353
 -8187
 -7901
 -7638
 -7805
 -7809
 -7642
 -7030
 -7008
 -7174
 -6379
 -6303
 -5913
 -5778
 -5917
 -6209
 -6667
 -6416
 -6572
 -6530
 -6426
 -6443
 -6512
 -6678
 -6639
 -6313
 -6054
 -5838
 -6865
 -7929
 -7954
 -8498
 -8911
 -9524
 -9448
 -9159
 -8768
 -8925
 -8905
 -9342
 -9836
 -9906
 -9600
 -9465
 -9744
 -9731
-10192
 -9570
 -9657
 -9348
 -8903
 -9580
 -9977
 -9729
 -9564
 -9400
 -9392
 -9790
-10145
-10079
-10830
-12270
-12859
-13586
-14403
-15011
-14203
-11799
 -8680
 -4724
  -465
  6878
 14305
 20864
 25140
 26818
 25750
 21552
 14154
  4996
 -2878
 -7604
-11218
-13017
-13657
-12912
-11910
-10900
-11027
-11045
-11263
-10918
-10770
-10640
-11045
-10857
-11002
-11092
-10777
-11225
-11528
-11484
-11268
-11252
-11203
-11627
-11241
-10835
-10500
-10984
-11097
-11617
-11759
-11669
-10991
-10947
-11138
-11525
-11884
-11445
-11652
-11419
-11522
-11704
-11644
-11415
-11406
-11204
-11013
-11455
-11675
-11197
-11269
-11147
-11123
-11801
-11635
-11348
-11206
-10746
-11100
-11160
-11547
-11282
-11062
-11129
-11011
-11558
-11786
-11730
-11291
-11189
-11541
-11872
-12005
-11942
-11592
-11714
-12034
-11961
-12439
-12291
-12235
-11885
-12148
-12751
-12953
-12857
-12429
-12677
-12763
-12872
-13314
-13072
-12977
-12853
-12974
-13355
-13457
-13019
-12767
-12671
-12557
-12407
-12510
-11607
-11161
-10468
-10370
-10266
-10410
 -9658
 -9183
 -8875
 -9036
 -9365
 -9399
 -9114
 -8800
 -8476
 -8459
 -9044
 -9073
 -8953
 -8670
 -8652
 -8341
 -9042
 -9332
 -8635
 -8798
 -8523
 -8515
 -9068
 -9191
 -8755
 -8622
 -8932
 -8664
 -8948
 -8929
 -8761
 -8318
 -8185
 -8643
 -8809
 -9094
 -8927
 -8472
 -8891
 -8903
 -8928
 -9376
 -8943
 -9066
 -8900
 -9179
 -9482
 -9650
 -9524
 -9524
 -9362
 -9198
 -9764
 -9918
 -9797
 -9534
 -9398
 -9387
 -9798
 -9783
 -9781
 -9083
 -9393
 -9550
 -9685
-10091
 -9494
 -9342
 -9357
 -9529
-10127
-10273
-10113
 -9939
 -9628
 -9769
 -9791
 -9819
 -9833
 -9396
 -9369
 -9484
 -9761
 -9916
 -9940
 -9677
 -9399
 -9813
 -9786
-10048
 -9900
 -9633
 -9380
 -9691
 -9688
 -9657
 -9330
 -9453
 -9325
 -9511
 -9840
 -9850
 -9671
 -9332
 -8865
 -8295
 -8478
 -8381
 -8112
 -7794
 -7446
 -7405
 -7430
 -7227
 -7181
 -6963
 -6557
 -6256
 -6950
 -7084
 -6934
 -7020
 -6619
 -6778
 -6875
 -7681
 -7856
 -7710
 -7274
 -6391
 -6033
 -6215
 -7312
 -7700
 -8204
 -8375
 -8745
 -8880
 -9278
 -9077
 -9523
 -9832
-10484
-10691
-10025
 -9331
 -9531
-10028
-10716
-11158
-11080
-10344
 -9843
 -9847
-10653
-11283
-11385
-11058
 -9992
 -9967
-10460
-11250
-11942
-13008
-13758
-13974
-14298
-15115
-15851
-15148
-12166
 -7718
 -2666
  3947
 12544
 20335
 25323
 26929
 23678
 14653
  1844
 -8341
-13614
-14322
-13207
-12559
-11648
-10865
-10525
-10401
-11052
-11967
-11981
-12029
-10997
-10606
-10516
-11354
-11815
-12041
-11923
-11840
-11015
-11257
-11398
-11659
-12078
-12508
-12104
-12016
-11323
-11199
-11664
-11951
-12623
-12475
-11728
-11281
-11195
-11562
-12396
-12410
-11653
-11129
-10967
-10941
-11052
-11964
-11860
-11343
-11356
-11115
-11512
-11993
-12288
-12220
-12242
-11935
-12140
-11987
-11816
-11731
-11375
-11415
-11696
-12088
-11615
-11452
-11184
-11371
-11412
-11562
-10952
-11333
-11017
-11035
-11368
-11842
-11560
-11525
-11619
-11735
-11889
-11930
-12111
-11835
-11812
-11630
-12317
-12177
-12347
-11952
-11969
-11958
-11925
-12038
-12030
-11766
-11229
-11253
-11104
-10643
-10182
 -9599
 -9478
 -9368
 -9535
 -9531
 -9212
 -9034
 -8597
 -8617
 -8939
 -8819
 -8666
 -8489
 -8458
 -8453
 -8764
 -8802
 -8822
 -8951
 -8489
 -8604
 -8890
 -9057
 -9230
 -8816
 -8663
 -8636
 -9039
 -9177
 -8619
 -8794
 -8387
 -8815
 -9219
 -9330
 -9024
 -9035
 -9071
 -9247
 -9969
 -9943
 -9618
 -9448
 -9316
 -9501
 -9688
-10270
 -9953
 -9905
-10019
-10174
-10075
-10407
-10135
 -9964
 -9630
-10031
 -9895
-10363
-10407
 -9996
-10122
 -9937
-10475
-10754
-10496
-10254
-10424
-10276
-10383
-10777
-10480
-10358
 -9961
 -9981
 -9972
-10511
-10333
 -9748
 -9767
 -9662
-10120
-10402
-10227
-10044
-10030
-10052
-10664
-10976
-10111
-10221
-10045
-10184
-10205
-10522
-10249
 -9809
-10067
 -9759
 -9760
 -9779
 -9656
 -8802
 -8640
 -8611
 -8735
 -8603
 -8198
 -8066
 -7766
 -7878
 -7858
 -7737
 -7507
 -7283
 -7030
 -7461
 -7602
 -7913
 -8107
 -7729
 -7866
 -7899
 -7855
 -7543
 -7662
 -7677
 -7640
 -7514
 -7032
 -7355
 -7650
 -8410
 -8582
 -9920
-10609
-11166
-11008
-10486
-10021
-10330
-11026
-11528
-11712
-11103
-10638
-10364
-10774
-11507
-11821
-11243
-10946
-10848
-10605
-11222
-11389
-11794
-11756
-11943
-11947
-12459
-12832
-14119
-14881
-15674
-15947
-17091
-17794
-17194
-15989
-14352
-11674
 -8329
 -3351
  3160
 11453
 18753
 23115
 24003
 21376
 13411
  2336
 -7883
-13642
-14809
-14107
-12406
-11459
-10825
-10668
-11019
-11389
-11408
-11796
-11674
-11377
-11036
-10843
-11115
-11404
-11875
-12157
-11793
-11149
-10579
-11177
-11845
-12067
-12015
-11746
-10705
-10372
-10725
-11310
-11803
-11821
-11512
-10968
-10764
-11170
-11507
-11668
-11587
-11093
-10493
-10583
-10915
-11001
-11098
-10905
-11088
-11173
-11033
-10768
-10652
-10862
-11277
-11551
-11285
-11143
-10348
-10628
-10932
-11214
-10757
-10883
-10615
-10807
-11137
-10856
-10670
-10610
-10577
-10598
-10801
-11141
-11149
-10389
-10470
-10575
-10877
-11075
-11130
-10714
-10396
-10915
-10731
-11017
-10626
-10675
-10417
-10551
-10939
-11181
-10875
-10893
-10509
-10408
-10561
-10674
 -9906
 -9439
 -9013
 -8916
 -9115
 -9286
 -8975
 -8344
 -8007
 -8431
 -8332
 -8107
 -8142
 -7982
 -7640
 -7876
 -8149
 -8323
 -8376
 -8269
 -7976
 -8223
 -8320
 -8726
 -8315
 -8075
 -7975
 -7840
 -8381
 -8619
 -8442
 -8304
 -8344
 -8106
 -8558
 -8682
 -8490
 -8302
 -8443
 -8626
 -8964
 -8846
 -8971
 -8350
 -8451
 -8735
 -9345
 -9682
 -9421
 -9121
 -9076
 -8894
 -9171
 -9484
 -9384
 -8985
 -9123
 -9094
 -9344
 -9759
 -9630
 -9523
 -9412
 -9564
 -9828
 -9931
 -9759
 -9625
 -9519
 -9559
 -9421
 -9538
 -9646
 -9487
 -9070
 -9674
 -9695
 -9973
-10371
-10198
 -9760
 -9785
 -9962
 -9983
 -9966
 -9643
 -9615
 -9764
 -9798
-10834
-10268
-10241
 -9768
 -9743
 -9902
-10085
 -9837
 -9415
 -9385
 -9479
 -9450
 -9603
 -9361
 -9123
 -8282
 -8255
 -8488
 -8587
 -8011
 -7912
 -7824
 -7992
 -7822
 -7616
 -7410
 -6960
 -6431
 -6944
 -6876
 -7326
 -7292
 -6974
 -6712
 -7370
 -7752
 -7634
 -7381
 -7599
 -7263
 -7646
 -7078
 -7183
 -7217
 -7763
 -7968
 -8275
 -8583
 -8994
 -9568
-10102
 -9700
 -9623
 -9587
 -9822
 -9615
 -9639
 -9826
-10221
-10449
-10211
-10203
-10073
-10253
-10664
-11297
-10997
-10574
 -9900
 -9975
 -9998
-10756
-11345
-10821
-10247
 -9498
 -9483
-10177
-11110
-11781
-12777
-12802
-13430
-14027
-15643
-15862
-14040
-10704
 -6499
 -1233
  5993
 14209
 20325
 23094
 21746
 14997
  4379
 -5056
-11332
-14030
-14007
-13448
-12142
-11352
-10577
-10448
-11053
-11731
-12673
-12613
-11598
-10806
-10885
-11118
-11903
-12021
-11477
-11259
-10915
-10650
-10780
-11208
-11335
-11590
-11332
-11177
-11583
-11189
-11252
-11516
-11840
-11821
-12008
-11391
-11058
-11318
-11694
-12063
-12128
-11524
-11626
-11088
-11406
-11726
-12249
-12090
-11567
-11010
-10908
-11049
-11485
-11599
-11673
-11825
-11588
-11834
-12224
-11731
-11556
-11325
-11144
-11770
-11408
-11403
-11332
-11282
-11334
-11592
-11930
-11697
-11246
-11168
-11417
-11627
-12182
-12086
-11986
-11813
-12016
-12836
-12766
-12898
-12381
-12571
-13248
-12864
-13102
-12600
-12460
-12107
-12163
-12550
-12719
-12652
-12292
-12020
-11686
-12038
-11849
-11433
-10782
-10560
-10437
-10399
-10332
 -9711
 -9286
 -8915
 -8696
 -8724
 -9123
 -8766
 -8710
 -8566
 -8760
 -8970
 -9149
 -8977
 -8626
 -8574
 -8290
 -8770
 -9114
 -8854
 -8971
 -8342
 -8440
 -8581
 -8479
 -8100
 -7983
 -8254
 -8353
 -8599
 -9161
 -8612
 -8509
 -8537
 -8965
 -9221
 -9469
 -9166
 -8896
 -9081
 -9545
 -9403
 -9658
 -9189
 -9171
 -9046
 -8943
 -9552
 -9555
 -9809
 -9482
 -9175
 -9334
 -8943
 -9548
 -9407
 -9383
 -9353
 -9341
 -9493
 -9657
 -9390
 -9112
 -8966
 -9245
 -9525
-10093
 -9797
 -9650
 -9507
 -9089
 -9243
 -9960
 -9374
 -8924
 -8912
 -9344
 -9364
 -9532
 -9540
 -9386
 -9358
 -9336
 -9620
 -9640
 -9670
 -9264
 -9259
 -9228
 -9767
 -9894
 -9617
 -9365
 -9117
 -8845
 -8677
 -8632
 -7735
 -7590
 -7198
 -7388
 -7550
 -7385
 -7046
 -6567
 -6550
 -6151
 -6645
 -6703
 -6296
 -6559
 -6389
 -6696
 -7061
 -7455
 -7087
 -6755
 -6590
 -6947
 -6948
 -6833
 -6449
 -5961
 -5789
 -6127
 -6455
 -7367
 -7315
 -7924
 -8223
 -9143
 -9676
 -9690
 -9366
 -9372
 -9675
-10032
-10043
-10496
 -9925
 -9385
 -9159
 -9418
-10092
-10905
-10580
-10747
 -9583
 -9124
 -9749
-10706
-10584
-10350
-10288
 -9821
 -9568
-10244
-10882
-11528
-12679
-13409
-13518
-14048
-14906
-15055
-14293
-12103
 -8925
 -4632
  1615
  9730
 17534
 22885
 24860
 22214
 14712
  4093
 -5453
-11581
-14202
-14406
-13420
-11710
-10909
-10672
-10690
-11229
-11425
-11371
-11332
-10874
-10893
-11107
-11412
-11303
-11592
-11937
-11548
-11424
-11133
-10916
-11330
-11792
-12226
-11921
-11527
-10898
-10734
-11086
-11987
-12200
-11687
-11055
-10835
-10888
-11447
-11883
-11986
-11555
-10990
-10916
-11337
-11957
-11912
-11747
-11825
-11495
-11622
-11892
-12029
-11806
-11538
-11432
-11627
-11770
-11647
-11306
-11022
-11627
-11940
-11952
-11803
-11789
-11497
-11930
-11799
-12096
-11667
-11373
-11506
-11356
-11359
-11655
-11375
-11232
-11228
-11510
-11645
-12072
-12072
-11649
-11658
-11948
-12232
-12650
-12497
-12350
-12215
-12231
-12812
-12665
-12649
-12347
-12344
-12642
-12515
-12811
-12234
-12220
-11779
-11348
-11357
-10935
-10364
 -9503
 -9359
 -9215
 -9360
 -9359
 -8778
 -8342
 -8059
 -8217
 -8231
 -8805
 -8361
 -8054
 -7901
 -8483
 -8217
 -8377
 -8235
 -7933
 -7768
 -7758
 -8192
 -8213
 -8089
 -7664
 -7655
 -7634
 -7760
 -8188
 -8057
 -7796
 -7811
 -8238
 -8359
 -8620
 -8318
 -8327
 -8072
 -8245
 -8539
 -8657
 -8759
 -8303
 -8455
 -8637
 -8822
 -9266
 -9242
 -8909
 -8731
 -8880
 -8923
 -9260
 -9136
 -8827
 -9064
 -8883
 -9316
 -9359
 -9127
 -8869
 -8857
 -8810
 -9336
 -9462
 -9345
 -9111
 -9294
 -9300
 -9404
 -9492
 -9313
 -9182
 -9237
 -9156
 -9320
 -9428
 -9213
 -8870
 -8581
 -9207
 -8993
 -9599
 -9431
 -8793
 -9019
 -9292
 -9336
 -9546
 -9446
 -9437
 -9095
 -9033
 -9293
 -9321
 -9238
 -9004
 -9009
 -8968
 -9336
 -9296
 -9018
 -8928
 -8702
 -8728
 -8413
 -8923
 -8440
 -7715
 -7189
 -7254
 -7431
 -7547
 -7191
 -6556
 -6397
 -6290
 -6217
 -6278
 -6157
 -5712
 -5830
 -5841
 -6480
 -6862
 -7070
 -6772
 -6238
 -6777
 -6612
 -6838
 -6499
 -5976
 -5859
 -6455
 -7310
 -7657
 -7793
 -8265
 -8625
 -9302
 -9686
 -9417
 -8995
 -9043
 -9025
 -9392
 -9852
-10182
 -9949
 -9495
 -8745
 -8790
 -9282
 -9939
-10214
-10192
 -9591
 -9346
 -9302
 -9742
 -9709
-10070
-10137
 -9854
 -9558
 -9562
 -9924
-10461
-11901
-13217
-13994
-13956
-14291
-14700
-14208
-12127
 -8534
 -4237
  1955
  9131
 17258
 23536
 26889
 25823
 21735
 12721
  1050
 -7763
-12284
-13496
-12615
-11360
-10427
 -9933
 -9939
-10351
-10789
-11083
-11064
-10648
-10320
-10419
-10455
-10544
-10841
-11036
-11281
-11142
-10491
-10442
-10882
-11165
-11704
-12038
-11384
-10870
-10324
-10965
-11347
-11769
-11751
-11321
-10834
-10675
-10947
-11545
-11378
-11273
-10784
-10492
-10457
-10790
-10872
-10678
-10760
-10651
-10595
-10751
-10355
-11111
-10900
-10886
-11149
-11295
-11128
-10887
-10592
-10627
-10945
-11240
-11085
-10927
-10639
-10795
-10952
-11101
-10806
-10788
-10493
-10498
-10371
-11099
-10381
-10365
-10209
-10637
-10792
-11379
-11096
-10660
-10647
-10494
-10927
-11083
-11089
-11087
-11077
-10644
-10930
-11225
-10804
-10518
-10655
-10647
-11072
-11506
-10654
-10518
-10236
-10666
-10948
-10797
-10502
-10215
 -9799
 -9818
 -9396
 -9381
 -8926
 -8773
 -8354
 -8094
 -8115
 -8398
 -7943
 -7626
 -7902
 -7919
 -7950
 -8252
 -8239
 -7922
 -7754
 -7898
 -8063
 -8234
 -8245
 -7944
 -7914
 -8037
 -8186
 -8498
 -8375
 -8096
 -7938
 -8057
 -8040
 -8331
 -8061
 -7938
 -7808
 -7943
 -8209
 -8763
 -8615
 -8057
 -7650
 -7664
 -7803
 -8069
 -8045
 -7611
 -7487
 -7511
 -7521
 -7932
 -7461
 -6862
 -6580
 -6608
 -7061
 -7069
 -6925
 -6073
 -6238
 -6996
 -7336
 -6680
 -6000
 -6148
 -6407
 -6629
 -6809
 -6689
 -6760
 -6937
 -7646
 -8228
 -9148
 -9203
 -9010
 -8562
 -9126
 -9581
 -9960
-10523
-10587
-10198
 -9667
 -9746
-10496
-11086
-11015
-10834
-10412
-10084
-10084
-10529
-10314
-10337
-10515
-10235
 -9686
 -9871
 -9536
 -9923
-10045
-10613
-10228
-10483
 -9842
-10139
-11237
-12585
-14119
-15224
-14730
-15139
-15629
-15125
-12949
 -9284
 -4454
   753
  7991
 15323
 21474
 24074
 24508
 20505
 11351
  -256
 -8849
-13192
-13434
-12344
-11295
-10649
-10661
-10728
-10245
-11004
-11093
-11575
-11597
-11356
-10509
-10207
-10742
-11258
-11818
-11800
-11472
-10887
-10499
-10800
-11426
-11888
-11537
-11008
-10723
-10411
-11325
-12026
-11925
-12088
-11226
-10845
-10639
-11030
-11351
-11375
-11026
-10978
-11088
-11006
-10731
-11246
-11234
-11505
-11847
-11770
-11307
-10731
-10908
-11013
-11755
-11756
-11453
-11110
-10696
-10539
-11174
-11248
-10996
-10836
-10645
-10889
-11028
-11344
-11388
-10985
-10829
-11218
-11035
-11311
-11195
-10958
-10850
-10986
-11229
-11463
-11298
-11036
-10803
-10851
-10999
-11527
-11180
-11289
-11023
-11370
-11572
-12153
-11959
-11459
-11275
-11442
-11508
-11857
-11437
-11103
-10749
-10855
-11159
-11503
-11128
-10571
-10531
-10472
-10862
-10438
-10057
 -9827
 -9710
 -9546
 -9636
-10017
 -9431
 -9181
 -8810
 -8705
 -8699
 -9079
 -8881
 -8717
 -8603
 -8657
 -9414
 -9269
 -9797
 -9172
 -8864
 -8889
 -8651
 -8836
 -8833
 -8505
 -8601
 -8585
 -8893
 -9081
 -9252
 -8962
 -8644
 -8897
 -9175
 -9197
 -9370
 -8959
 -8950
 -8780
 -9330
 -9611
 -9483
 -9362
 -9807
-10089
-10355
-10477
 -9754
 -9623
 -9649
 -9813
-10238
-10357
-10186
-10179
 -9773
-10093
-10397
 -9955
-10209
 -9897
 -9612
 -9785
-10107
-10551
 -9960
 -9924
 -9899
 -9756
 -9930
-10110
-10266
 -9819
-10070
 -9900
-10187
-10494
-10095
-10108
 -9960
-10083
-10204
-11055
-10921
-10225
-10245
-10535
-10523
-11073
-10626
-10481
 -9929
 -9669
 -9827
-10248
-10221
 -9909
 -9900
 -9488
-10233
-10397
-10395
-10230
-10201
-10326
-10617
-10929
-10958
-10404
-10543
-10661
-10487
-10613
-10336
-10082
-10115
-10274
-10402
-10508
-10192
 -9899
 -9637
 -9823
 -9709
 -9989
 -9801
 -9898
-10167
 -9909
-10250
-10578
-10285
-10234
-10032
-10152
-10613
-10679
-10586
-10014
-10103
-10174
-10279
-10587
-10504
-10420
-10296
-10114
-10185
-10133
 -9850
 -9624
 -9844
 -9882
-10141
-10205
-10126
-10251
 -9736
-10117
-10041
-10311
-10077
-10120
 -9657
 -9427
 -9393
 -9472
 -8891
 -8655
 -8403
 -8492
 -8250
 -8646
 -8164
 -7879
 -7502
 -7107
 -7069
 -7280
 -7558
 -7397
 -7450
 -7562
 -8061
 -8300
 -8025
 -7786
 -7368
 -7869
 -8175
 -8932
 -8352
 -8299
 -7702
 -7620
 -7720
 -8031
 -8359
 -8638
 -8885
 -9165
-10091
-10606
-10320
-10197
-10189
-10448
-10606
-10685
-10910
-10176
-10464
-10450
-11294
-12041
-11704
-11498
-10895
-10596
-11144
-11706
-11609
-11432
-11379
-11201
-11458
-11990
-12398
-13030
-14167
-13993
-14816
-16052
-16121
-14798
-12007
 -8881
 -5588
  -553
  6533
 14223
 20721
 24228
 25184
 22440
 16019
  6659
 -1654
 -7871
-12084
-14430
-15905
-15340
-14120
-12980
-12588
-12773
-12540
-12176
-11782
-11581
-11571
-11714
-12005
-12049
-12432
-12371
-12486
-12616
-12581
-12115
-12287
-12400
-12807
-12664
-12358
-11865
-12084
-12243
-12228
-12808
-12692
-12110
-12174
-12217
-12631
-12749
-12487
-12263
-11996
-12055
-12070
-12444
-11963
-12284
-12110
-12198
-12454
-12474
-12256
-12350
-12001
-12318
-12433
-13081
-12720
-12658
-12184
-12169
-12469
-12494
-12367
-12216
-11769
-11757
-12055
-12079
-11955
-11530
-11519
-11783
-11766
-12053
-12210
-11516
-11530
-11524
-11502
-12192
-11751
-11619
-11794
-12254
-12689
-13235
-13050
-12739
-12891
-13074
-13259
-13847
-14105
-13480
-13875
-14166
-14067
-14688
-14278
-13827
-13922
-13737
-14163
-14202
-13964
-13706
-13117
-13069
-13311
-13154
-12467
-12233
-12127
-11699
-11659
-11323
-11003
-10730
-10065
 -9976
-10138
 -9961
 -9615
 -9284
 -9146
 -8625
 -9119
 -9000
 -8682
 -8475
 -8573
 -8575
 -8764
 -9395
 -8846
 -8959
 -8908
 -9012
 -9157
 -9199
 -9244
 -8833
 -8814
 -8915
 -9163
 -9299
 -9180
 -9223
 -8964
 -9101
 -9353
 -9457
 -9297
 -8882
 -9066
 -9100
 -9530
 -9501
 -9168
 -9145
 -9022
 -9069
 -9253
 -9975
 -9799
 -9754
 -9441
 -9743
-10072
-10117
-10129
 -9820
 -9490
 -9458
 -9750
-10073
 -9688
 -9565
 -9403
 -9509
 -9763
 -9898
 -9921
 -9675
 -9561
 -9413
-10242
-10064
 -9765
 -9500
 -9820
 -9984
-10264
-10805
-10481
 -9751
 -9766
 -9944
-10116
-10404
-10232
 -9762
 -9745
 -9908
-10233
-10264
 -9976
-10088
 -9618
 -9745
-10049
-10087
-10116
 -9685
 -9658
 -9767
-10323
-10476
 -9933
 -9388
 -9107
 -8947
 -8346
 -8613
 -8321
 -8476
 -8062
 -7786
 -7349
 -7751
 -7439
 -7296
 -7054
 -6977
 -7317
 -7628
 -7487
 -7498
 -7241
 -7562
 -8135
 -8058
 -7766
 -7900
 -7704
 -7085
 -6990
 -7138
 -7567
 -8121
 -8049
 -8221
 -8874
 -9535
-10324
-10219
-10190
 -9917
-10311
-10652
-10767
-10481
-10301
-10426
-10242
-10122
-10119
-10251
-10471
-10808
-10825
-10883
-10530
 -9880
-10004
-11003
-11428
-11641
-11255
-10545
-10246
-10905
-12226
-13739
-14746
-14806
-14750
-15356
-16239
-15139
-12145
 -7804
 -3190
  3331
 10824
 17758
 23329
 25129
 23219
 16303
  5506
 -5240
-12225
-14752
-14409
-13835
-12833
-11796
-11334
-11201
-11057
-11414
-12058
-12591
-12470
-11416
-11202
-11405
-11872
-12696
-12450
-11833
-11232
-11402
-11232
-11918
-11737
-11704
-11179
-11199
-10914
-10948
-11260
-11483
-11789
-11644
-11302
-11299
-10828
-11481
-11515
-11565
-11785
-11661
-11525
-11144
-11145
-11270
-11753
-12032
-11564
-11645
-11433
-11411
-11644
-11987
-11895
-11649
-11329
-11478
-11439
-11328
-11225
-11095
-11219
-11056
-11194
-11927
-11808
-11536
-11385
-11366
-11779
-11916
-11636
-11219
-11376
-11525
-11804
-12362
-11774
-11772
-11355
-11517
-11957
-12239
-12077
-11632
-11632
-11501
-11803
-12098
-12094
-11935
-11633
-11630
-11927
-12230
-12093
-11943
-11501
-11779
-11637
-11646
-10935
-10504
-10216
 -9931
 -9933
 -9932
 -9495
 -9058
 -8628
 -8925
 -8940
 -9090
 -8653
 -8632
 -8331
 -8191
 -8351
 -8373
 -8094
 -8083
 -7632
 -7901
 -7900
 -8349
 -7939
 -8093
 -7799
 -8066
 -8334
 -8613
 -8339
 -8075
 -8097
 -8243
 -8510
 -8766
 -8312
 -8464
 -8210
 -8104
 -8689
 -8810
 -8479
 -8301
 -8590
 -8488
 -8682
 -9134
 -9108
 -8766
 -8436
 -8722
 -9054
 -9682
 -9424
 -8834
 -8929
 -9173
 -9164
 -9769
 -9389
 -9139
 -9141
 -9535
 -9489
-10036
 -9621
 -9097
 -8998
 -9440
 -9695
 -9643
 -9889
 -9321
 -9369
 -9710
-10021
-10140
 -9800
 -9476
 -9477
 -9659
 -9701
 -9861
 -9550
 -9505
 -9183
 -9185
 -9506
 -9687
 -9700
 -9105
 -8926
 -9044
 -9478
 -9509
 -9109
 -9261
 -8954
 -9067
 -9051
 -9772
 -9506
 -9101
 -8822
 -9094
 -9071
 -9630
 -9346
 -9075
 -8809
 -8819
 -8809
 -8348
 -7886
 -7161
 -7038
 -7063
 -7215
 -7352
 -6772
 -6215
 -6543
 -6608
 -6243
 -6433
 -6590
 -6708
 -6643
 -6671
 -6821
 -7022
 -6623
 -6625
 -7087
 -6879
 -6645
 -6147
 -5244
 -5939
 -6836
 -7529
 -7974
 -8474
 -8488
 -8349
 -8264
 -8883
 -9514
-10340
-10309
 -9567
 -9190
 -9020
 -9337
-10031
-10383
-10280
 -9676
 -9504
 -9518
-10067
 -9933
-10242
-10098
 -9815
 -9294
 -9482
 -9509
 -9660
-10491
-11896
-13251
-13555
-13774
-14272
-15257
-14581
-11951
 -7808
 -1952
  4786
 12986
 20077
 24875
 25826
 22135
 13356
  1121
 -8449
-12853
-13910
-12315
-11114
-10386
-10017
-10049
-10335
-10767
-11079
-11271
-11065
-10717
-10538
-10279
-10626
-11365
-11361
-11562
-11426
-10928
-10419
-10660
-11224
-11709
-12167
-11402
-10625
-10324
-10600
-11384
-11602
-11721
-10916
-10329
-10272
-10590
-11426
-11333
-11230
-10819
-10593
-10810
-10885
-10893
-10896
-10837
-10525
-10821
-10939
-10714
-10964
-10807
-11081
-10873
-10827
-10648
-10437
-10048
-10398
-10843
-10661
-10463
-10731
-10336
-10539
-10723
-11144
-10805
-10602
-10725
-10470
-10676
-10867
-11005
-10954
-10462
-10575
-10604
-10811
-10860
-10862
-10818
-10616
-11012
-11173
-10936
-10986
-10717
-10688
-10915
-10872
-11016
-10490
-10409
-10440
-10706
-10931
 -9868
 -9711
 -9181
 -9252
 -9443
 -9291
 -9227
 -8868
 -8844
 -8882
 -8529
 -8587
 -8153
 -7662
 -7446
 -7272
 -7733
 -8091
 -7577
 -7297
 -7101
 -7605
 -7852
 -8010
 -8070
 -7989
 -7722
 -7690
 -7626
 -8004
 -7855
 -7762
 -7685
 -7580
 -7853
 -8226
 -8021
 -7997
 -7740
 -7664
 -8001
 -8433
 -7953
 -7600
 -7568
 -7734
 -8084
 -8566
 -8427
 -8241
 -8327
 -8447
 -8183
 -8665
 -8420
 -8279
 -8389
 -8202
 -8752
 -9053
 -8951
 -8991
 -8573
 -8694
 -8942
 -9342
 -9056
 -8655
 -8977
 -8707
 -8979
 -9235
 -8780
 -8348
 -8519
 -8702
 -8871
 -9282
 -8943
 -8901
 -8611
 -8647
 -9267
 -9147
 -9129
 -8794
 -8607
 -9030
 -9067
 -9123
 -8867
 -8709
 -8228
 -8035
 -8166
 -8629
 -8827
 -8578
 -8570
 -8809
 -8897
 -8875
 -8753
 -8379
 -8574
 -8442
 -8976
 -8769
 -8149
 -7436
 -6770
 -7256
 -6852
 -7109
 -6321
 -6255
 -5967
 -5899
 -5724
 -5657
 -5665
 -5205
 -5039
 -5201
 -5961
 -6266
 -6055
 -5906
 -5758
 -5714
 -5967
 -6447
 -6158
 -5280
 -4818
 -5034
 -6516
 -7053
 -7289
 -7920
 -8075
 -8165
 -8322
 -8173
 -8692
 -8682
 -8809
 -8728
 -8668
 -8766
 -8398
 -8455
 -8474
 -8818
 -9094
 -9193
 -9094
 -8647
 -8647
 -8963
 -9513
-10149
 -9855
 -9163
 -8508
 -8586
 -9596
-10753
-11744
-12511
-12688
-12845
-13989
-14804
-13969
-11024
 -7148
 -2637
  3401
 11351
 19193
 23471
 24356
 20560
 12711
  2024
 -7119
-11784
-13055
-12210
-11507
-10694
 -9945
 -9593
 -9317
 -9819
-10264
-10761
-10162
 -9599
 -9228
 -9024
 -9304
-10294
-10264
-10039
 -9547
 -9327
 -9491
-10113
-10328
-10737
-10307
 -9907
-10158
 -9853
 -9663
-10084
-10199
-10405
-10104
-10126
 -9226
 -9243
 -9294
 -9812
-10206
-10125
 -9775
 -9305
 -9547
 -9951
-10135
-10683
-10233
 -9966
 -9702
-10247
-10336
-10629
-10623
-10398
-10072
 -9962
 -9837
 -9597
 -9406
 -9127
 -9468
 -9832
-10029
-10025
-10106
-10029
-10136
 -9882
-10242
-10450
 -9883
 -9830
 -9327
 -9858
 -9736
-10091
-10008
 -9735
 -9549
 -9913
-10296
-10734
-10929
-10133
-10299
-10130
-10503
-10881
-10443
-10485
 -9972
 -9864
-10421
-10365
-10168
 -9728
 -9339
 -9400
 -9436
 -9562
 -8933
 -8736
 -8011
 -8191
 -8249
 -8572
 -7985
 -7789
 -7311
 -7300
 -7618
 -7528
 -7275
 -7120
 -6932
 -6888
 -7164
 -7484
 -7391
 -7281
 -6841
 -7077
 -7169
 -7728
 -7761
 -7529
 -7708
 -7844
 -7943
 -8177
 -7867
 -7750
 -7664
 -7710
 -8000
 -8243
 -7895
 -8002
 -7737
 -8229
 -8003
 -8304
 -7973
 -8044
 -7714
 -7872
 -8368
 -8726
 -8603
 -8561
 -8632
 -8867
 -9017
 -8789
 -8858
 -8601
 -8858
 -8792
 -9021
 -9156
 -8770
 -9124
 -8882
 -8878
 -8973
 -9198
 -8875
 -8604
 -8949
 -8866
 -9170
 -9273
 -9204
 -9010
 -8585
 -8643
 -8572
 -9036
 -8577
 -8792
 -8871
 -8576
 -8768
 -9125
 -8880
 -8578
 -8375
 -8454
 -8859
 -9176
 -9237
 -8720
 -8872
 -8257
 -8910
 -9155
 -9019
 -8211
 -7981
 -7429
 -7397
 -7481
 -7285
 -6982
 -6440
 -6216
 -6280
 -6737
 -6292
 -5842
 -5857
 -6063
 -6143
 -6762
 -7005
 -6571
 -6240
 -6412
 -6878
 -7477
 -7524
 -7174
 -6220
 -6011
 -6691
 -7677
 -7701
 -7938
 -8652
 -9016
 -9213
 -9401
 -9326
 -9053
 -9051
 -9125
 -9251
 -9433
 -9121
 -8833
 -8961
 -9569
-10144
-10329
-10082
 -9720
 -9358
 -9591
-10358
-10564
-10385
