-0.00043511
0.00033018
0.00104313
0.00059043
-0.00072640
-0.00131817
0.00013785
0.00309287
0.00517457
0.00370735
-0.00117821
-0.00614527
-0.00684566
-0.00142259
0.00704935
0.01223268
0.00923319
-0.00117799
-0.01197480
-0.01464773
-0.00581269
0.00957559
0.02046933
0.01776551
0.00160978
-0.01743888
-0.02523427
-0.01430506
0.00945379
0.02939209
0.03005638
0.00866125
-0.02081413
-0.03685758
-0.02593604
0.00645709
0.03794754
0.04476218
0.01950398
-0.02178566
-0.04949393
-0.04171743
-0.00128559
0.04419639
0.06118522
0.03488321
-0.01837592
-0.06088973
-0.06019932
-0.01395617
0.04651908
0.07732813
0.05379973
-0.01005210
-0.06930526
-0.08005136
-0.03145654
0.04382641
0.09181818
0.07574464
-0.14082713
-0.06489898
-0.04762257
-0.09827887
-0.17797891
-0.22955769
-0.21838681
-0.15531617
-0.06196713
-0.05116573
-0.09365198
-0.16377153
-0.22454571
-0.22184439
-0.18238907
-0.14077062
-0.11811237
-0.14255071
-0.17800078
-0.20747963
-0.23489336
-0.20635764
-0.16646170
-0.12500407
-0.10727267
-0.12571051
-0.18694200
-0.23752398
-0.23344845
-0.22512283
-0.18509824
-0.20351067
-0.23451117
-0.27841859
-0.31152781
-0.30254940
-0.27444494
-0.23765078
-0.22046551
-0.24624616
-0.28267161
-0.31610452
-0.31459682
-0.29560923
-0.27325562
-0.25781750
-0.27551533
-0.30483515
-0.30186852
-0.29543822
-0.28409664
-0.27161865
-0.26500992
-0.28663470
-0.28450340
-0.30925159
-0.29600015
-0.30074793
-0.29769403
-0.30088577
-0.30304421
-0.32486063
-0.36270372
-0.39752208
-0.39722050
-0.40673245
-0.44319640
-0.46638533
-0.47133796
-0.42485094
-0.34226517
-0.23465647
-0.07518701
0.12964871
0.39419523
0.63666993
0.78387668
0.82987155
0.74961212
0.51180006
0.17627643
-0.14718399
-0.34672357
-0.42769290
-0.43222485
-0.38518895
-0.34097452
-0.32252200
-0.31927201
-0.32566810
-0.31891116
-0.32821528
-0.32819924
-0.32192168
-0.32054583
-0.32213649
-0.32120887
-0.31174937
-0.34468548
-0.34576601
-0.34223733
-0.33826291
-0.32036159
-0.30768351
-0.31545884
-0.32634973
-0.35260451
-0.36626310
-0.34000164
-0.31870497
-0.29042008
-0.30567461
-0.31394129
-0.33412411
-0.34888428
-0.34040201
-0.33643973
-0.33363424
-0.34218203
-0.34759721
-0.34067191
-0.33579880
-0.33459986
-0.32825403
-0.33137450
-0.33870280
-0.31652087
-0.32228021
-0.33199967
-0.33276389
-0.33478164
-0.33064692
-0.33336419
-0.32482354
-0.33944484
-0.35482487
-0.36317271
-0.35770613
-0.34897545
-0.32907812
-0.31511558
-0.32845326
-0.32422701
-0.34169895
-0.32916913
-0.33516750
-0.33427633
-0.34233454
-0.34058175
-0.35026383
-0.33654092
-0.33854715
-0.33490643
-0.32962242
-0.34784401
-0.34589848
-0.34009725
-0.33107082
-0.33323241
-0.33472017
-0.34957715
-0.35292616
-0.35093955
-0.34008860
-0.34102404
-0.33308313
-0.34969039
-0.35957367
-0.35769925
-0.35564869
-0.35992478
-0.35627417
-0.36847247
-0.38497741
-0.36956117
-0.35753832
-0.35040052
-0.35473791
-0.37105321
-0.37328587
-0.36476988
-0.36452760
-0.35779399
-0.35574117
-0.35997739
-0.36590740
-0.35283504
-0.32943669
-0.32451399
-0.32299056
-0.33096382
-0.33489389
-0.31057899
-0.29750185
-0.29936654
-0.28973492
-0.29331164
-0.28616882
-0.27976336
-0.27024043
-0.25229137
-0.24941716
-0.24996373
-0.26365311
-0.25122059
-0.23960114
-0.22489654
-0.24201045
-0.24429043
-0.25505384
-0.25362398
-0.23619072
-0.24457087
-0.24995378
-0.24207425
-0.25424073
-0.24986929
-0.24852390
-0.26126040
-0.25471104
-0.25504224
-0.26195704
-0.26902409
-0.26481471
-0.25871902
-0.27161063
-0.27503124
-0.28504632
-0.27161870
-0.26858474
-0.25955399
-0.27888884
-0.27706309
-0.28030614
-0.26974882
-0.27093876
-0.26305625
-0.26957251
-0.28440327
-0.28771058
-0.27574722
-0.26994058
-0.28075911
-0.27772743
-0.29944970
-0.29959398
-0.30325467
-0.29149813
-0.29571719
-0.30641158
-0.30803500
-0.30436703
-0.29438584
-0.28334958
-0.28199439
-0.28622380
-0.29162234
-0.30780482
-0.28895707
-0.29425410
-0.29854796
-0.30250940
-0.30689503
-0.32226012
-0.30811525
-0.29867153
-0.28857021
-0.30790100
-0.32207477
-0.32666965
-0.31191081
-0.29760994
-0.30335814
-0.30843945
-0.31787907
-0.32719696
-0.32177113
-0.31191982
-0.30750249
-0.30299432
-0.30301886
-0.30761802
-0.29696691
-0.30172460
-0.28708041
-0.29775709
-0.29825246
-0.30308192
-0.30221677
-0.28647277
-0.27645349
-0.29229372
-0.30328482
-0.31367187
-0.30298658
-0.29183648
-0.28604145
-0.27606472
-0.26683700
-0.27267646
-0.27284184
-0.26699373
-0.24560490
-0.24482254
-0.25064535
-0.22288690
-0.22018701
-0.20655941
-0.20186743
-0.20671972
-0.21694257
-0.23292386
-0.22418064
-0.22961343
-0.22814262
-0.22451578
-0.22508777
-0.22752866
-0.23330580
-0.23194691
-0.22059994
-0.21154541
-0.20398207
-0.23982822
-0.27701722
-0.27788078
-0.29689067
-0.31129475
-0.33271776
-0.33002769
-0.31994947
-0.30626835
-0.31175251
-0.31108103
-0.32633830
-0.34362214
-0.34606336
-0.33539191
-0.33070740
-0.34044978
-0.34002843
-0.35613418
-0.33438765
-0.33746108
-0.32666751
-0.31112041
-0.33477373
-0.34864555
-0.33997971
-0.33420004
-0.32842610
-0.32817153
-0.34205974
-0.35445483
-0.35213655
-0.37840964
-0.42872606
-0.44929260
-0.47471740
-0.50326793
-0.52452722
-0.49626682
-0.41225037
-0.30327829
-0.16503263
-0.01617628
0.24040475
0.49992390
0.72908758
0.87850708
0.93717208
0.89982388
0.75317831
0.49465019
0.17465487
-0.10052651
-0.26564493
-0.39196394
-0.45480616
-0.47718642
-0.45116085
-0.41616028
-0.38085852
-0.38530913
-0.38593537
-0.39352516
-0.38146152
-0.37628967
-0.37174357
-0.38593436
-0.37936477
-0.38444701
-0.38760213
-0.37658616
-0.39224525
-0.40280922
-0.40130334
-0.39372461
-0.39318103
-0.39146180
-0.40622438
-0.39275918
-0.37857611
-0.36684738
-0.38371215
-0.38767578
-0.40582407
-0.41078281
-0.40763220
-0.38392977
-0.38239383
-0.38908052
-0.40260617
-0.41516899
-0.39983937
-0.40709261
-0.39895413
-0.40257330
-0.40892909
-0.40683465
-0.39883002
-0.39852419
-0.39146761
-0.38481266
-0.40023781
-0.40793975
-0.39122199
-0.39374794
-0.38947632
-0.38864913
-0.41230188
-0.40648748
-0.39648413
-0.39153680
-0.37544046
-0.38782965
-0.38991231
-0.40345003
-0.39415518
-0.38646869
-0.38881926
-0.38471933
-0.40381710
-0.41178255
-0.40982392
-0.39450315
-0.39093166
-0.40321641
-0.41477438
-0.41941679
-0.41724912
-0.40498209
-0.40924304
-0.42045350
-0.41788618
-0.43462145
-0.42940969
-0.42744687
-0.41525201
-0.42443840
-0.44550180
-0.45257253
-0.44921135
-0.43427919
-0.44291327
-0.44590988
-0.44973820
-0.46516538
-0.45673463
-0.45341762
-0.44909088
-0.45330761
-0.46661539
-0.47015443
-0.45487111
-0.44605666
-0.44270779
-0.43872366
-0.43347327
-0.43707591
-0.40553808
-0.38995850
-0.36571139
-0.36229399
-0.35865667
-0.36369029
-0.33742538
-0.32081213
-0.31007789
-0.31570027
-0.32719349
-0.32838730
-0.31841738
-0.30741535
-0.29612035
-0.29552494
-0.31594158
-0.31698565
-0.31279810
-0.30291699
-0.30228540
-0.29140539
-0.31591676
-0.32604725
-0.30170494
-0.30738678
-0.29775279
-0.29753259
-0.31683075
-0.32110822
-0.30586743
-0.30125118
-0.31203799
-0.30269082
-0.31262297
-0.31198984
-0.30608947
-0.29063921
-0.28596042
-0.30195291
-0.30775814
-0.31772468
-0.31188950
-0.29596718
-0.31063302
-0.31105654
-0.31193903
-0.32758362
-0.31244795
-0.31672701
-0.31094054
-0.32069257
-0.33126526
-0.33715968
-0.33275547
-0.33273078
-0.32711104
-0.32138586
-0.34110942
-0.34649925
-0.34230487
-0.33313340
-0.32837109
-0.32797560
-0.34232218
-0.34179617
-0.34171524
-0.31734337
-0.32816320
-0.33366547
-0.33838987
-0.35255683
-0.33166458
-0.32636965
-0.32690432
-0.33291927
-0.35381093
-0.35893168
-0.35332473
-0.34723027
-0.33639688
-0.34129477
-0.34209411
-0.34305088
-0.34354660
-0.32826181
-0.32730846
-0.33133632
-0.34103202
-0.34645912
-0.34729334
-0.33809981
-0.32839357
-0.34284680
-0.34188194
-0.35103254
-0.34589303
-0.33656893
-0.32773787
-0.33861057
-0.33851130
-0.33742238
-0.32598151
-0.33025303
-0.32580132
-0.33231856
-0.34380646
-0.34414693
-0.33789190
-0.32603341
-0.30971296
-0.28981541
-0.29618919
-0.29281982
-0.28340838
-0.27231554
-0.26014935
-0.25872165
-0.25959742
-0.25250011
-0.25088513
-0.24328556
-0.22907133
-0.21855631
-0.24280405
-0.24752073
-0.24225662
-0.24528044
-0.23123710
-0.23678843
-0.24020334
-0.26837964
-0.27448783
-0.26938716
-0.25413006
-0.22328212
-0.21078222
-0.21713758
-0.25546682
-0.26900411
-0.28660626
-0.29255373
-0.30548886
-0.31018519
-0.32406665
-0.31706183
-0.33268303
-0.34349249
-0.36627975
-0.37352407
-0.35025312
-0.32600884
-0.33298276
-0.35039433
-0.37442193
-0.38989731
-0.38717664
-0.36142820
-0.34395249
-0.34405975
-0.37221495
-0.39425585
-0.39780490
-0.38638292
-0.34908887
-0.34824411
-0.36545949
-0.39303929
-0.41728499
-0.45451131
-0.48072431
-0.48828730
-0.49957502
-0.52813639
-0.55381280
-0.52927717
-0.42505389
-0.26962820
-0.09306372
0.13797783
0.43839190
0.71058920
0.88489198
0.94101421
0.82743474
0.51206625
0.06447432
-0.29141195
-0.47564265
-0.50036627
-0.46143868
-0.43881228
-0.40700482
-0.37964119
-0.36774681
-0.36343341
-0.38615401
-0.41814804
-0.41861250
-0.42026092
-0.38421369
-0.37054675
-0.36744203
-0.39671608
-0.41283106
-0.42074073
-0.41664043
-0.41371524
-0.38490238
-0.39331850
-0.39827179
-0.40736355
-0.42203412
-0.43703404
-0.42291577
-0.41983394
-0.39558477
-0.39124296
-0.40745828
-0.41751697
-0.44096110
-0.43580795
-0.40968695
-0.39406469
-0.39106287
-0.40391715
-0.43306559
-0.43359325
-0.40714715
-0.38884367
-0.38318522
-0.38226973
-0.38614746
-0.41801247
-0.41439936
-0.39633046
-0.39678794
-0.38833377
-0.40220535
-0.41903764
-0.42935375
-0.42696016
-0.42772307
-0.41701099
-0.42415148
-0.41878432
-0.41281153
-0.40984841
-0.39743213
-0.39885285
-0.40865353
-0.42233004
-0.40581095
-0.40011669
-0.39077065
-0.39730301
-0.39873279
-0.40394110
-0.38264381
-0.39596340
-0.38492303
-0.38550641
-0.39719262
-0.41373243
-0.40388697
-0.40267431
-0.40596677
-0.40997734
-0.41537492
-0.41682917
-0.42314345
-0.41349141
-0.41268820
-0.40633975
-0.43033078
-0.42545896
-0.43137549
-0.41757032
-0.41819301
-0.41777129
-0.41663641
-0.42057680
-0.42030801
-0.41109655
-0.39231596
-0.39317734
-0.38796662
-0.37187789
-0.35572730
-0.33538888
-0.33113204
-0.32729690
-0.33313996
-0.33302004
-0.32183976
-0.31561223
-0.30034312
-0.30106214
-0.31230710
-0.30810901
-0.30276802
-0.29660506
-0.29549950
-0.29530748
-0.30620518
-0.30751462
-0.30820315
-0.31274635
-0.29658285
-0.30061151
-0.31058761
-0.31644936
-0.32245875
-0.30800542
-0.30266502
-0.30169973
-0.31581981
-0.32062843
-0.30111680
-0.30725163
-0.29301690
-0.30798507
-0.32210097
-0.32597218
-0.31528422
-0.31566049
-0.31692612
-0.32305779
-0.34827604
-0.34739863
-0.33604454
-0.33009337
-0.32546889
-0.33192734
-0.33848512
-0.35882575
-0.34777028
-0.34607358
-0.35003520
-0.35543672
-0.35199437
-0.36360561
-0.35409424
-0.34813725
-0.33647697
-0.35046838
-0.34570574
-0.36206895
-0.36363038
-0.34924461
-0.35363761
-0.34719888
-0.36596127
-0.37572793
-0.36672708
-0.35825340
-0.36420544
-0.35900202
-0.36277368
-0.37651729
-0.36614695
-0.36188479
-0.34798664
-0.34871313
-0.34839661
-0.36722350
-0.36100933
-0.34058928
-0.34120614
-0.33754602
-0.35355109
-0.36342856
-0.35729021
-0.35091154
-0.35043976
-0.35117062
-0.37256349
-0.38349446
-0.35324912
-0.35710184
-0.35095449
-0.35579693
-0.35653943
-0.36761627
-0.35808932
-0.34270125
-0.35170472
-0.34096022
-0.34099601
-0.34166164
-0.33735079
-0.30754102
-0.30187142
-0.30085482
-0.30521101
-0.30057083
-0.28639490
-0.28182428
-0.27131578
-0.27523332
-0.27456190
-0.27030590
-0.26224114
-0.25441711
-0.24557118
-0.26068158
-0.26560789
-0.27648418
-0.28325963
-0.27001688
-0.27481249
-0.27600594
-0.27443204
-0.26355463
-0.26770988
-0.26823938
-0.26692984
-0.26255933
-0.24567606
-0.25696832
-0.26726493
-0.29383323
-0.29984934
-0.34657655
-0.37064117
-0.39008394
-0.38453347
-0.36628219
-0.35005338
-0.36086370
-0.38516194
-0.40271919
-0.40915996
-0.38789590
-0.37168518
-0.36211068
-0.37644563
-0.40205921
-0.41304995
-0.39285457
-0.38248635
-0.37902174
-0.37057884
-0.39213699
-0.39797847
-0.41211446
-0.41075969
-0.41725615
-0.41743772
-0.43530863
-0.44833778
-0.49333929
-0.51996630
-0.54767585
-0.55721110
-0.59717450
-0.62176732
-0.60075973
-0.55862714
-0.50145578
-0.40786362
-0.29098026
-0.11702071
0.11046052
0.40028788
0.65531473
0.80776173
0.83879438
0.74698912
0.46869834
0.08168337
-0.27538229
-0.47663840
-0.51739278
-0.49289411
-0.43344861
-0.40037060
-0.37821467
-0.37277457
-0.38501324
-0.39795489
-0.39858268
-0.41213042
-0.40786613
-0.39748718
-0.38558252
-0.37885842
-0.38835566
-0.39847896
-0.41493917
-0.42479993
-0.41208623
-0.38959609
-0.36966494
-0.39054041
-0.41388738
-0.42160755
-0.41981996
-0.41039340
-0.37398139
-0.36236539
-0.37470384
-0.39509700
-0.41232130
-0.41293061
-0.40214690
-0.38316645
-0.37602262
-0.39021081
-0.40198580
-0.40763216
-0.40485328
-0.38758866
-0.36662716
-0.36976055
-0.38135427
-0.38436546
-0.38774361
-0.38097482
-0.38741627
-0.39038357
-0.38548378
-0.37624336
-0.37217034
-0.37949648
-0.39402084
-0.40359800
-0.39429069
-0.38930861
-0.36154216
-0.37132427
-0.38192711
-0.39179878
-0.37581626
-0.38023010
-0.37087059
-0.37756447
-0.38912220
-0.37928468
-0.37279085
-0.37067958
-0.36954162
-0.37026192
-0.37735559
-0.38926401
-0.38954269
-0.36299354
-0.36578710
-0.36948146
-0.38004952
-0.38696979
-0.38887036
-0.37433975
-0.36321006
-0.38133686
-0.37493325
-0.38490555
-0.37122776
-0.37298193
-0.36397395
-0.36863013
-0.38222164
-0.39066687
-0.37996466
-0.38056847
-0.36716948
-0.36362261
-0.36897291
-0.37294834
-0.34610298
-0.32976482
-0.31490898
-0.31149442
-0.31846040
-0.32441634
-0.31356290
-0.29149099
-0.27972946
-0.29455200
-0.29110077
-0.28324272
-0.28444275
-0.27885167
-0.26692200
-0.27517658
-0.28469318
-0.29078268
-0.29264368
-0.28892081
-0.27867497
-0.28730589
-0.29067468
-0.30489709
-0.29050391
-0.28213574
-0.27859674
-0.27392815
-0.29281713
-0.30114046
-0.29492451
-0.29012734
-0.29152657
-0.28320945
-0.29901143
-0.30334322
-0.29659164
-0.29003684
-0.29498912
-0.30137602
-0.31317113
-0.30908968
-0.31344196
-0.29173799
-0.29523339
-0.30517120
-0.32648892
-0.33830223
-0.32915450
-0.31864321
-0.31710076
-0.31073822
-0.32044132
-0.33137735
-0.32787922
-0.31392441
-0.31873979
-0.31770232
-0.32645882
-0.34095611
-0.33646764
-0.33273077
-0.32884088
-0.33414802
-0.34335529
-0.34695562
-0.34098451
-0.33628375
-0.33258235
-0.33396998
-0.32916254
-0.33325709
-0.33702029
-0.33144332
-0.31689228
-0.33799608
-0.33873103
-0.34845348
-0.36236508
-0.35630061
-0.34100289
-0.34183275
-0.34807177
-0.34876179
-0.34817800
-0.33689330
-0.33592807
-0.34109933
-0.34232680
-0.37851487
-0.35875139
-0.35777754
-0.34128440
-0.34039484
-0.34593169
-0.35236151
-0.34370636
-0.32894966
-0.32791695
-0.33120728
-0.33015501
-0.33552885
-0.32707707
-0.31871401
-0.28933464
-0.28841050
-0.29655754
-0.30001174
-0.27987835
-0.27640710
-0.27334051
-0.27923300
-0.27328484
-0.26607259
-0.25886641
-0.24315823
-0.22466905
-0.24259912
-0.24023831
-0.25595552
-0.25476751
-0.24365420
-0.23447957
-0.25747144
-0.27086611
-0.26673095
-0.25790258
-0.26551690
-0.25374141
-0.26713107
-0.24727914
-0.25096004
-0.25218374
-0.27121790
-0.27839828
-0.28912078
-0.29989755
-0.31423768
-0.33429482
-0.35291564
-0.33886691
-0.33618146
-0.33490448
-0.34309433
-0.33588254
-0.33670713
-0.34325035
-0.35709349
-0.36504197
-0.35677193
-0.35647188
-0.35192704
-0.35821395
-0.37259545
-0.39474905
-0.38425594
-0.36948480
-0.34594736
-0.34854503
-0.34932627
-0.37584577
-0.39640623
-0.37807657
-0.35800739
-0.33184415
-0.33132157
-0.35556299
-0.38817740
-0.41164036
-0.44644816
-0.44732580
-0.46927510
-0.49010173
-0.54658403
-0.55423039
-0.49055790
-0.37397259
-0.22703884
-0.04302143
0.20944791
0.49657153
0.71026225
0.80702936
0.75990771
0.52408135
0.15304348
-0.17662315
-0.39590313
-0.49018889
-0.48939263
-0.46986995
-0.42425067
-0.39662525
-0.36957369
-0.36506643
-0.38619553
-0.40989043
-0.44279187
-0.44070697
-0.40523562
-0.37753823
-0.38032200
-0.38844574
-0.41591401
-0.42005826
-0.40104189
-0.39342426
-0.38142366
-0.37210996
-0.37667240
-0.39162072
-0.39604464
-0.40496979
-0.39595413
-0.39049975
-0.40466753
-0.39091175
-0.39306436
-0.40230810
-0.41361122
-0.41292835
-0.41950574
-0.39793008
-0.38630046
-0.39540391
-0.40854739
-0.42147891
-0.42374703
-0.40264614
-0.40623566
-0.38738563
-0.39848534
-0.40969798
-0.42796159
-0.42243480
-0.40416456
-0.38469663
-0.38111638
-0.38606568
-0.40129277
-0.40525226
-0.40785229
-0.41313492
-0.40486146
-0.41346721
-0.42706876
-0.40984692
-0.40375486
-0.39567429
-0.38934852
-0.41119139
-0.39855792
-0.39841726
-0.39589705
-0.39416485
-0.39597834
-0.40497384
-0.41683039
-0.40867969
-0.39289875
-0.39020219
-0.39888092
-0.40622106
-0.42560408
-0.42226048
-0.41876986
-0.41272588
-0.41981198
-0.44845692
-0.44604188
-0.45064108
-0.43258562
-0.43920705
-0.46288428
-0.44945872
-0.45777545
-0.44023333
-0.43532527
-0.42300496
-0.42497167
-0.43845806
-0.44440771
-0.44203455
-0.42944767
-0.41995723
-0.40827407
-0.42059099
-0.41399083
-0.39946866
-0.37671567
-0.36893893
-0.36465450
-0.36333383
-0.36100303
-0.33927128
-0.32445378
-0.31143559
-0.30380909
-0.30479359
-0.31872840
-0.30627635
-0.30432793
-0.29927348
-0.30602891
-0.31341081
-0.31965364
-0.31364417
-0.30136861
-0.29957402
-0.28963031
-0.30638829
-0.31841264
-0.30933280
-0.31344248
-0.29146090
-0.29485421
-0.29980662
-0.29622919
-0.28301792
-0.27888839
-0.28836097
-0.29181866
-0.30042340
-0.32008664
-0.30087901
-0.29728102
-0.29828214
-0.31322050
-0.32217543
-0.33084747
-0.32021847
-0.31082411
-0.31726888
-0.33349075
-0.32851064
-0.33746823
-0.32105623
-0.32041781
-0.31603724
-0.31244918
-0.33372491
-0.33383206
-0.34269264
-0.33127841
-0.32056443
-0.32608723
-0.31245566
-0.33357450
-0.32866276
-0.32781650
-0.32679619
-0.32634555
-0.33164873
-0.33740796
-0.32806385
-0.31834642
-0.31324672
-0.32301141
-0.33277824
-0.35262880
-0.34228812
-0.33711238
-0.33214054
-0.31752864
-0.32293735
-0.34797720
-0.32748112
-0.31177249
-0.31133791
-0.32645932
-0.32716544
-0.33303086
-0.33333947
-0.32793455
-0.32696844
-0.32619996
-0.33610228
-0.33681064
-0.33782876
-0.32366350
-0.32349350
-0.32240985
-0.34122459
-0.34569545
-0.33599253
-0.32719788
-0.31854508
-0.30901555
-0.30316307
-0.30159222
-0.27026266
-0.26516352
-0.25146785
-0.25812706
-0.26378426
-0.25801729
-0.24616952
-0.22941476
-0.22883306
-0.21489522
-0.23214335
-0.23420218
-0.21993927
-0.22913985
-0.22322518
-0.23392442
-0.24669203
-0.26045890
-0.24760565
-0.23602249
-0.23023870
-0.24270648
-0.24276336
-0.23872875
-0.22529794
-0.20827118
-0.20222830
-0.21406482
-0.22549197
-0.25739172
-0.25556052
-0.27687131
-0.28727754
-0.31941493
-0.33801509
-0.33850009
-0.32719160
-0.32735953
-0.33796500
-0.35042787
-0.35085185
-0.36666981
-0.34677002
-0.32786840
-0.31997954
-0.32904887
-0.35260608
-0.38105378
-0.36969702
-0.37551755
-0.33486072
-0.31884107
-0.34062663
-0.37409941
-0.36984052
-0.36164325
-0.35944290
-0.34311088
-0.33426893
-0.35791106
-0.38024008
-0.40278798
-0.44298601
-0.46852771
-0.47234691
-0.49085543
-0.52080626
-0.52600313
-0.49940960
-0.42283215
-0.31178609
-0.16178945
0.05651420
0.34003798
0.61274798
0.79968976
0.86872980
0.77627499
0.51413451
0.14305172
-0.19046434
-0.40462547
-0.49620662
-0.50333926
-0.46888663
-0.40912873
-0.38117308
-0.37292086
-0.37351105
-0.39235834
-0.39921731
-0.39727317
-0.39593416
-0.37991165
-0.38058644
-0.38804392
-0.39875651
-0.39493771
-0.40504120
-0.41710897
-0.40351618
-0.39918906
-0.38902248
-0.38142111
-0.39587879
-0.41204872
-0.42717051
-0.41649885
-0.40273204
-0.38073137
-0.37499383
-0.38730086
-0.41876321
-0.42619605
-0.40829081
-0.38615650
-0.37849096
-0.38034535
-0.39989398
-0.41515420
-0.41875693
-0.40371789
-0.38397813
-0.38142155
-0.39612566
-0.41776209
-0.41618993
-0.41042185
-0.41313378
-0.40162412
-0.40607096
-0.41550500
-0.42027712
-0.41250352
-0.40313251
-0.39941309
-0.40626382
-0.41121306
-0.40694784
-0.39500446
-0.38508876
-0.40621373
-0.41718694
-0.41758321
-0.41236777
-0.41187977
-0.40165452
-0.41679270
-0.41222169
-0.42260697
-0.40764197
-0.39733327
-0.40197598
-0.39674982
-0.39685965
-0.40719031
-0.39741423
-0.39238924
-0.39227178
-0.40210689
-0.40686084
-0.42177652
-0.42178693
-0.40699873
-0.40728294
-0.41744917
-0.42735915
-0.44198498
-0.43663557
-0.43147301
-0.42677153
-0.42729907
-0.44764367
-0.44249674
-0.44193915
-0.43140303
-0.43130282
-0.44169089
-0.43725777
-0.44760053
-0.42744317
-0.42692920
-0.41155492
-0.39650341
-0.39679306
-0.38206083
-0.36207351
-0.33198583
-0.32696200
-0.32195428
-0.32704390
-0.32696135
-0.30667380
-0.29142237
-0.28157508
-0.28706827
-0.28756342
-0.30761325
-0.29208334
-0.28136323
-0.27603831
-0.29636777
-0.28705995
-0.29265248
-0.28770790
-0.27716693
-0.27137370
-0.27104867
-0.28619268
-0.28694568
-0.28260766
-0.26777939
-0.26745069
-0.26673229
-0.27110936
-0.28604576
-0.28152886
-0.27236143
-0.27291764
-0.28781662
-0.29207582
-0.30115246
-0.29062347
-0.29092890
-0.28201117
-0.28806182
-0.29831773
-0.30246947
-0.30601484
-0.29009176
-0.29537164
-0.30174493
-0.30821493
-0.32375883
-0.32291118
-0.31123385
-0.30503309
-0.31025783
-0.31174909
-0.32352661
-0.31919597
-0.30838588
-0.31667427
-0.31037120
-0.32548327
-0.32696000
-0.31885376
-0.30986410
-0.30945105
-0.30779293
-0.32614685
-0.33058466
-0.32650444
-0.31830631
-0.32472461
-0.32491105
-0.32853950
-0.33164596
-0.32537719
-0.32079141
-0.32270900
-0.31987959
-0.32562808
-0.32939089
-0.32187649
-0.30987746
-0.29977705
-0.32167740
-0.31418973
-0.33539764
-0.32950318
-0.30720367
-0.31510654
-0.32464665
-0.32614956
-0.33354528
-0.33005800
-0.32970935
-0.31774288
-0.31558604
-0.32467048
-0.32564544
-0.32274057
-0.31456813
-0.31476857
-0.31331853
-0.32616817
-0.32480299
-0.31509167
-0.31190156
-0.30404825
-0.30493467
-0.29393978
-0.31176412
-0.29485237
-0.26954665
-0.25116857
-0.25345918
-0.25961109
-0.26366794
-0.25124821
-0.22904662
-0.22348731
-0.21977424
-0.21718930
-0.21934327
-0.21510850
-0.19955214
-0.20368106
-0.20405437
-0.22636782
-0.23972969
-0.24700813
-0.23660126
-0.21794576
-0.23678958
-0.23098360
-0.23891518
-0.22708990
-0.20880807
-0.20470436
-0.22555214
-0.25542237
-0.26752221
-0.27230607
-0.28876332
-0.30133426
-0.32496995
-0.33839518
-0.32896377
-0.31418179
-0.31586952
-0.31524130
-0.32806799
-0.34417491
-0.35569727
-0.34758050
-0.33170067
-0.30553170
-0.30712374
-0.32430864
-0.34730285
-0.35690240
-0.35612057
-0.33513368
-0.32657291
-0.32503070
-0.34040037
-0.33923663
-0.35188507
-0.35420651
-0.34429476
-0.33392872
-0.33408141
-0.34673209
-0.36549674
-0.41582563
-0.46183291
-0.48898481
-0.48764908
-0.49932188
-0.51365295
-0.49645859
-0.42370878
-0.29815024
-0.14797882
0.06835415
0.31909738
0.60310691
0.82246767
0.93961791
0.90237826
0.75952631
0.44457562
0.03677292
-0.27120867
-0.42919028
-0.47152702
-0.44075135
-0.39690099
-0.36431458
-0.34706240
-0.34727563
-0.36169928
-0.37699761
-0.38725336
-0.38654891
-0.37204144
-0.36057456
-0.36401251
-0.36529518
-0.36842767
-0.37881527
-0.38565383
-0.39421033
-0.38934896
-0.36657876
-0.36487774
-0.38024562
-0.39012419
-0.40894688
-0.42060371
-0.39776117
-0.37974301
-0.36065593
-0.38304974
-0.39640389
-0.41114746
-0.41048578
-0.39545741
-0.37846029
-0.37290368
-0.38241393
-0.40332680
-0.39753170
-0.39384171
-0.37676422
-0.36658721
-0.36536098
-0.37699523
-0.37987124
-0.37307275
-0.37592699
-0.37214155
-0.37017080
-0.37561171
-0.36178858
-0.38822532
-0.38085109
-0.38035422
-0.38954618
-0.39464979
-0.38879021
-0.38034837
-0.37006023
-0.37127672
-0.38240178
-0.39271477
-0.38729245
-0.38178288
-0.37171812
-0.37714692
-0.38267179
-0.38784805
-0.37751175
-0.37692096
-0.36658979
-0.36677660
-0.36233045
-0.38779787
-0.36269914
-0.36215573
-0.35666820
-0.37164127
-0.37705809
-0.39756259
-0.38768059
-0.37243212
-0.37196548
-0.36664221
-0.38176567
-0.38719860
-0.38744163
-0.38735597
-0.38703681
-0.37186792
-0.38189363
-0.39218922
-0.37747280
-0.36748199
-0.37226035
-0.37197970
-0.38683760
-0.40199646
-0.37221143
-0.36747313
-0.35763642
-0.37265492
-0.38252034
-0.37722696
-0.36694929
-0.35689788
-0.34236839
-0.34302359
-0.32826873
-0.32774704
-0.31185310
-0.30652054
-0.29186327
-0.28276551
-0.28351333
-0.29340528
-0.27748517
-0.26643291
-0.27608254
-0.27667311
-0.27775206
-0.28831254
-0.28787196
-0.27676300
-0.27092257
-0.27593366
-0.28169966
-0.28766989
-0.28804378
-0.27755342
-0.27650915
-0.28080992
-0.28599599
-0.29689658
-0.29260666
-0.28283595
-0.27732742
-0.28151101
-0.28093262
-0.29107082
-0.28161685
-0.27733847
-0.27278979
-0.27754807
-0.28682389
-0.30617108
-0.30099310
-0.28151325
-0.26727832
-0.26778376
-0.27262512
-0.28194241
-0.28108413
-0.26590477
-0.26155348
-0.26240300
-0.26276054
-0.27712491
-0.26065515
-0.23973543
-0.22988509
-0.23084702
-0.24670247
-0.24697431
-0.24190710
-0.21215711
-0.21792876
-0.24440353
-0.25629974
-0.23335274
-0.20960739
-0.21479779
-0.22384490
-0.23161820
-0.23789894
-0.23372456
-0.23616850
-0.24237635
-0.26714181
-0.28746725
-0.31961599
-0.32156097
-0.31480291
-0.29915678
-0.31885711
-0.33474191
-0.34795612
-0.36761143
-0.36986411
-0.35620745
-0.33766668
-0.34045542
-0.36666478
-0.38728774
-0.38479039
-0.37848296
-0.36378528
-0.35231883
-0.35233727
-0.36787046
-0.36035852
-0.36119528
-0.36742332
-0.35762633
-0.33847037
-0.34490701
-0.33323130
-0.34672337
-0.35098998
-0.37083267
-0.35735222
-0.36625192
-0.34385805
-0.35425816
-0.39262591
-0.43973751
-0.49334146
-0.53195624
-0.51469697
-0.52897544
-0.54610507
-0.52845425
-0.45241455
-0.32434432
-0.15557643
0.02638433
0.27929613
0.53548441
0.75042353
0.84124145
0.85643188
0.71655104
0.39670847
-0.00887575
-0.30913897
-0.46091356
-0.46935364
-0.43129016
-0.39465001
-0.37206268
-0.37251665
-0.37483715
-0.35796663
-0.38447181
-0.38760281
-0.40442826
-0.40519889
-0.39676390
-0.36716477
-0.35663844
-0.37534702
-0.39340646
-0.41295171
-0.41235749
-0.40087233
-0.38043588
-0.36686428
-0.37738727
-0.39921929
-0.41539685
-0.40310305
-0.38459255
-0.37461691
-0.36370618
-0.39563077
-0.42014171
-0.41660780
-0.42227325
-0.39215294
-0.37885943
-0.37163923
-0.38532410
-0.39657189
-0.39738335
-0.38523988
-0.38356429
-0.38741342
-0.38453863
-0.37492112
-0.39291186
-0.39248129
-0.40196396
-0.41392392
-0.41126488
-0.39504839
-0.37495626
-0.38110987
-0.38477100
-0.41071516
-0.41075003
-0.40017906
-0.38815183
-0.37368852
-0.36822032
-0.39038163
-0.39301717
-0.38420072
-0.37858239
-0.37189166
-0.38043250
-0.38529504
-0.39632595
-0.39787812
-0.38379979
-0.37834032
-0.39196424
-0.38553574
-0.39517755
-0.39114721
-0.38284221
-0.37908670
-0.38384558
-0.39230884
-0.40049831
-0.39474718
-0.38555976
-0.37742485
-0.37910213
-0.38429195
-0.40275048
-0.39059480
-0.39439935
-0.38513555
-0.39723493
-0.40431595
-0.42461884
-0.41783805
-0.40035247
-0.39394846
-0.39973233
-0.40208044
-0.41427832
-0.39958091
-0.38791318
-0.37554800
-0.37924995
-0.38990100
-0.40190519
-0.38879921
-0.36931331
-0.36793804
-0.36586536
-0.37950878
-0.36467567
-0.35137310
-0.34335074
-0.33927992
-0.33351278
-0.33666282
-0.34994982
-0.32951663
-0.32077849
-0.30780336
-0.30415062
-0.30392250
-0.31719701
-0.31029668
-0.30454961
-0.30054759
-0.30246528
-0.32890883
-0.32386436
-0.34227772
-0.32042910
-0.30968938
-0.31055648
-0.30225177
-0.30869391
-0.30862491
-0.29714499
-0.30052513
-0.29995510
-0.31071436
-0.31724028
-0.32323081
-0.31310717
-0.30199857
-0.31085126
-0.32056148
-0.32132494
-0.32737388
-0.31298798
-0.31269448
-0.30674836
-0.32595947
-0.33582204
-0.33130981
-0.32709359
-0.34263577
-0.35250844
-0.36179046
-0.36605559
-0.34077417
-0.33620121
-0.33711833
-0.34282388
-0.35768893
-0.36184578
-0.35587537
-0.35565290
-0.34145209
-0.35261281
-0.36325063
-0.34780240
-0.35668220
-0.34579050
-0.33583241
-0.34186096
-0.35310114
-0.36865967
-0.34797974
-0.34674107
-0.34582877
-0.34087178
-0.34692554
-0.35321422
-0.35865314
-0.34305128
-0.35181819
-0.34587445
-0.35589234
-0.36664353
-0.35269238
-0.35313793
-0.34796584
-0.35227362
-0.35649899
-0.38624179
-0.38155082
-0.35724232
-0.35791173
-0.36805917
-0.36765358
-0.38689431
-0.37126719
-0.36620083
-0.34687216
-0.33781337
-0.34333301
-0.35802921
-0.35712356
-0.34621262
-0.34590238
-0.33148272
-0.35751879
-0.36326259
-0.36317231
-0.35741749
-0.35642112
-0.36078098
-0.37095819
-0.38185916
-0.38284441
-0.36351201
-0.36835572
-0.37248034
-0.36637476
-0.37081863
-0.36112057
-0.35223037
-0.35341367
-0.35895908
-0.36342024
-0.36713619
-0.35608162
-0.34582496
-0.33670984
-0.34319284
-0.33923479
-0.34897732
-0.34242410
-0.34580475
-0.35518711
-0.34618023
-0.35809823
-0.36958311
-0.35932626
-0.35754344
-0.35050413
-0.35467673
-0.37079984
-0.37308126
-0.36985661
-0.34988099
-0.35296950
-0.35544091
-0.35912353
-0.36989335
-0.36697993
-0.36405794
-0.35972362
-0.35337072
-0.35584542
-0.35400445
-0.34414300
-0.33623824
-0.34393243
-0.34526682
-0.35430115
-0.35656193
-0.35380038
-0.35815660
-0.34017436
-0.35346095
-0.35081470
-0.36025634
-0.35208231
-0.35359515
-0.33739915
-0.32937570
-0.32815655
-0.33096556
-0.31064086
-0.30237648
-0.29360088
-0.29670925
-0.28821276
-0.30207733
-0.28523014
-0.27526633
-0.26211984
-0.24830277
-0.24695405
-0.25432121
-0.26405144
-0.25845602
-0.26026980
-0.26420514
-0.28165138
-0.28999374
-0.28038081
-0.27204820
-0.25743124
-0.27494534
-0.28561921
-0.31207351
-0.29181436
-0.28994348
-0.26910918
-0.26623591
-0.26971280
-0.28061520
-0.29202972
-0.30181319
-0.31040651
-0.32016037
-0.35248820
-0.37050228
-0.36050361
-0.35619020
-0.35591765
-0.36498248
-0.37050679
-0.37331108
-0.38115857
-0.35549922
-0.36560483
-0.36511566
-0.39460674
-0.42073446
-0.40895246
-0.40176049
-0.38070253
-0.37027838
-0.38941007
-0.40902203
-0.40565204
-0.39944398
-0.39757235
-0.39135968
-0.40034026
-0.41890535
-0.43316616
-0.45525463
-0.49499676
-0.48893983
-0.51770978
-0.56090038
-0.56327213
-0.51706804
-0.41950135
-0.31026318
-0.19519275
-0.01923520
0.22836260
0.49705380
0.72413958
0.84664714
0.88006285
0.78418494
0.55980146
0.23271482
-0.05774921
-0.27497371
-0.42221186
-0.50417458
-0.55573666
-0.53602107
-0.49338407
-0.45351557
-0.43986407
-0.44632395
-0.43815817
-0.42543450
-0.41165669
-0.40462123
-0.40429844
-0.40930910
-0.41948205
-0.42102207
-0.43438537
-0.43227227
-0.43629544
-0.44087541
-0.43962550
-0.42329367
-0.42931753
-0.43326445
-0.44745344
-0.44246817
-0.43178147
-0.41451048
-0.42213789
-0.42768294
-0.42714514
-0.44740068
-0.44337210
-0.42302048
-0.42526738
-0.42678765
-0.44123784
-0.44541640
-0.43626341
-0.42843425
-0.41912858
-0.42117987
-0.42169729
-0.43478990
-0.41795883
-0.42919491
-0.42310771
-0.42617352
-0.43513611
-0.43584411
-0.42822135
-0.43149706
-0.41929061
-0.43036893
-0.43439355
-0.45706276
-0.44442375
-0.44224104
-0.42567412
-0.42515773
-0.43566231
-0.43654484
-0.43208906
-0.42682298
-0.41119570
-0.41078732
-0.42118070
-0.42202629
-0.41770861
-0.40286851
-0.40244287
-0.41167770
-0.41108739
-0.42111916
-0.42660315
-0.40234056
-0.40282409
-0.40262290
-0.40185513
-0.42595432
-0.41054055
-0.40592470
-0.41206516
-0.42812254
-0.44333728
-0.46239988
-0.45594444
-0.44504523
-0.45039309
-0.45677811
-0.46327522
-0.48381526
-0.49281263
-0.47097792
-0.48476923
-0.49495182
-0.49149744
-0.51320742
-0.49887513
-0.48311056
-0.48639732
-0.47997104
-0.49483260
-0.49618271
-0.48787599
-0.47887028
-0.45827929
-0.45664436
-0.46505713
-0.45956597
-0.43556982
-0.42738439
-0.42370499
-0.40872390
-0.40735864
-0.39556823
-0.38440653
-0.37489660
-0.35165642
-0.34854704
-0.35417887
-0.34802036
-0.33591577
-0.32436399
-0.31951260
-0.30132358
-0.31857776
-0.31443767
-0.30332981
-0.29610710
-0.29951134
-0.29958589
-0.30621353
-0.32825966
-0.30905742
-0.31302087
-0.31120007
-0.31485391
-0.31994361
-0.32140136
-0.32295313
-0.30860927
-0.30795972
-0.31146116
-0.32015201
-0.32489045
-0.32074889
-0.32222997
-0.31319751
-0.31799371
-0.32679361
-0.33043719
-0.32482088
-0.31032224
-0.31675305
-0.31791360
-0.33299465
-0.33193161
-0.32030641
-0.31949895
-0.31520029
-0.31685672
-0.32328211
-0.34851049
-0.34235987
-0.34079102
-0.32986919
-0.34037303
-0.35189286
-0.35344462
-0.35389418
-0.34309044
-0.33156610
-0.33042991
-0.34062081
-0.35195008
-0.33847715
-0.33417913
-0.32854836
-0.33221842
-0.34108260
-0.34579316
-0.34659451
-0.33803190
-0.33404678
-0.32886815
-0.35783278
-0.35160016
-0.34117936
-0.33189546
-0.34308191
-0.34882553
-0.35861173
-0.37751176
-0.36620632
-0.34066837
-0.34121204
-0.34741623
-0.35345106
-0.36349385
-0.35746760
-0.34107557
-0.34047835
-0.34614681
-0.35753906
-0.35860613
-0.34855148
-0.35242800
-0.33602784
-0.34045694
-0.35106808
-0.35241551
-0.35344996
-0.33838982
-0.33742246
-0.34125909
-0.36067315
-0.36602265
-0.34704640
-0.32801021
-0.31820632
-0.31259241
-0.29161868
-0.30092369
-0.29074997
-0.29612582
-0.28166669
-0.27201706
-0.25676320
-0.27080152
-0.25985683
-0.25488652
-0.24643680
-0.24373081
-0.25562516
-0.26649684
-0.26157183
-0.26194790
-0.25297138
-0.26420346
-0.28422658
-0.28156821
-0.27134475
-0.27603226
-0.26915721
-0.24753946
-0.24421635
-0.24941659
-0.26438532
-0.28374522
-0.28120700
-0.28720772
-0.31006308
-0.33313542
-0.36065230
-0.35699775
-0.35595614
-0.34640772
-0.36016354
-0.37209793
-0.37613963
-0.36613301
-0.35987208
-0.36427552
-0.35781273
-0.35365540
-0.35355351
-0.35816880
-0.36584667
-0.37766070
-0.37822694
-0.38028726
-0.36797203
-0.34524676
-0.34955333
-0.38446052
-0.39931347
-0.40676371
-0.39323177
-0.36844621
-0.35796645
-0.38100579
-0.42716092
-0.48005873
-0.51523737
-0.51735203
-0.51539447
-0.53657115
-0.56740268
-0.52895133
-0.42429845
-0.27264870
-0.11140629
0.11648385
0.37827673
0.62056202
0.81524943
0.87812138
0.81138348
0.56975269
0.19243991
-0.18304135
-0.42708999
-0.51539380
-0.50342692
-0.48338006
-0.44839944
-0.41214102
-0.39602739
-0.39138767
-0.38635279
-0.39879973
-0.42130325
-0.43992165
-0.43571713
-0.39883718
-0.39142269
-0.39849417
-0.41482818
-0.44363235
-0.43505855
-0.41352206
-0.39247410
-0.39840445
-0.39246506
-0.41642570
-0.41012724
-0.40894226
-0.39058883
-0.39130146
-0.38131081
-0.38244121
-0.39338257
-0.40113483
-0.41180644
-0.40674005
-0.39484147
-0.39473200
-0.37826572
-0.40108073
-0.40230479
-0.40407245
-0.41176889
-0.40741260
-0.40268767
-0.38935759
-0.38939649
-0.39376768
-0.41064464
-0.42039988
-0.40402169
-0.40687442
-0.39948915
-0.39868152
-0.40679805
-0.41881056
-0.41562131
-0.40702182
-0.39581945
-0.40101957
-0.39963169
-0.39575049
-0.39220224
-0.38763419
-0.39198774
-0.38628158
-0.39109248
-0.41669889
-0.41254218
-0.40303277
-0.39775658
-0.39710095
-0.41151979
-0.41634760
-0.40653041
-0.39194031
-0.39745376
-0.40264885
-0.41240901
-0.43191080
-0.41133959
-0.41129329
-0.39674054
-0.40237739
-0.41775085
-0.42763008
-0.42197605
-0.40643491
-0.40639424
-0.40182801
-0.41235495
-0.42268919
-0.42253345
-0.41697149
-0.40643955
-0.40633776
-0.41671562
-0.42730862
-0.42250455
-0.41728573
-0.40182122
-0.41155340
-0.40659829
-0.40688789
-0.38204159
-0.36699334
-0.35693122
-0.34697143
-0.34702073
-0.34701345
-0.33173621
-0.31647030
-0.30142770
-0.31181598
-0.31235384
-0.31758328
-0.30230355
-0.30159026
-0.29105647
-0.28615547
-0.29177660
-0.29250624
-0.28278226
-0.28239473
-0.26664020
-0.27602084
-0.27603059
-0.29168894
-0.27737865
-0.28275732
-0.27250991
-0.28180956
-0.29115761
-0.30093217
-0.29134146
-0.28213508
-0.28288480
-0.28798786
-0.29734190
-0.30627030
-0.29042520
-0.29571088
-0.28682290
-0.28312399
-0.30357087
-0.30783738
-0.29625144
-0.29000266
-0.30010857
-0.29655669
-0.30331194
-0.31912287
-0.31822805
-0.30628874
-0.29471651
-0.30473202
-0.31632466
-0.33829793
-0.32928500
-0.30864556
-0.31194662
-0.32046739
-0.32016637
-0.34131997
-0.32802790
-0.31928707
-0.31936435
-0.33315956
-0.33150093
-0.35063421
-0.33616945
-0.31780222
-0.31438036
-0.32983418
-0.33874928
-0.33691335
-0.34550346
-0.32568204
-0.32732598
-0.33923239
-0.35009220
-0.35427087
-0.34237343
-0.33103601
-0.33110023
-0.33746332
-0.33895374
-0.34453532
-0.33365530
-0.33206779
-0.32082178
-0.32091114
-0.33209445
-0.33846704
-0.33889034
-0.31810997
-0.31182749
-0.31597197
-0.33116501
-0.33221464
-0.31823972
-0.32355252
-0.31283546
-0.31679694
-0.31621548
-0.34141257
-0.33212269
-0.31794457
-0.30822371
-0.31773393
-0.31693229
-0.33647873
-0.32655211
-0.31708666
-0.30777053
-0.30813913
-0.30776101
-0.29168043
-0.27552736
-0.25017493
-0.24587689
-0.24675002
-0.25206199
-0.25686918
-0.23658362
-0.21712313
-0.22861295
-0.23084049
-0.21809200
-0.22477121
-0.23022170
-0.23436613
-0.23209468
-0.23308833
-0.23828493
-0.24533173
-0.23141143
-0.23148869
-0.24761857
-0.24033621
-0.23216067
-0.21475786
-0.18319305
-0.20750508
-0.23881918
-0.26304471
-0.27856976
-0.29599725
-0.29647360
-0.29161468
-0.28867343
-0.31030359
-0.33235926
-0.36124666
-0.36015487
-0.33423068
-0.32106745
-0.31516472
-0.32623251
-0.35046563
-0.36279783
-0.35922245
-0.33811431
-0.33208332
-0.33257425
-0.35176002
-0.34708465
-0.35790488
-0.35283709
-0.34292654
-0.32474612
-0.33128115
-0.33222578
-0.33753160
-0.36655208
-0.41566968
-0.46300931
-0.47361903
-0.48130351
-0.49868570
-0.53309898
-0.50944914
-0.41756362
-0.27276005
-0.06811597
0.16728189
0.45379473
0.70159550
0.86923051
0.90249670
0.77353018
0.46674828
0.03924944
-0.29516859
-0.44907091
-0.48599322
-0.43027502
-0.38832533
-0.36287029
-0.35001363
-0.35115676
-0.36113807
-0.37620510
-0.38710248
-0.39379950
-0.38658768
-0.37444332
-0.36818317
-0.35912828
-0.37127321
-0.39712611
-0.39697638
-0.40399559
-0.39924068
-0.38183163
-0.36403540
-0.37249114
-0.39218405
-0.40914319
-0.42511882
-0.39837574
-0.37119821
-0.36065282
-0.37028543
-0.39770022
-0.40530410
-0.40943295
-0.38133879
-0.36078619
-0.35884008
-0.36996009
-0.39921004
-0.39594672
-0.39233859
-0.37800971
-0.37011104
-0.37768243
-0.38033728
-0.38058989
-0.38069041
-0.37860571
-0.36774988
-0.37810125
-0.38221046
-0.37434695
-0.38308157
-0.37757721
-0.38717876
-0.37990505
-0.37829376
-0.37201866
-0.36464519
-0.35103158
-0.36326866
-0.37883816
-0.37247350
-0.36553979
-0.37493413
-0.36112800
-0.36823167
-0.37464375
-0.38934759
-0.37747629
-0.37041968
-0.37469452
-0.36580126
-0.37299177
-0.37966331
-0.38449418
-0.38269786
-0.36549852
-0.36945948
-0.37047476
-0.37772549
-0.37945134
-0.37950638
-0.37795970
-0.37088506
-0.38474804
-0.39034400
-0.38207877
-0.38385374
-0.37445481
-0.37340967
-0.38137272
-0.37985277
-0.38490268
-0.36650348
-0.36365916
-0.36475588
-0.37404071
-0.38192062
-0.34476593
-0.33927386
-0.32073489
-0.32322850
-0.32994893
-0.32459607
-0.32233971
-0.30982925
-0.30897966
-0.31031469
-0.29800881
-0.30001982
-0.28482769
-0.26767485
-0.26013426
-0.25406710
-0.27014797
-0.28268844
-0.26474193
-0.25492703
-0.24810519
-0.26568595
-0.27434355
-0.27985224
-0.28195073
-0.27912364
-0.26979609
-0.26868822
-0.26643820
-0.27963589
-0.27445933
-0.27116511
-0.26850721
-0.26484933
-0.27437375
-0.28740093
-0.28025649
-0.27937206
-0.27041559
-0.26773727
-0.27957337
-0.29463317
-0.27786633
-0.26554687
-0.26441637
-0.27020457
-0.28243248
-0.29927164
-0.29441326
-0.28790485
-0.29090071
-0.29509754
-0.28589186
-0.30273152
-0.29416158
-0.28926809
-0.29310754
-0.28656927
-0.30577570
-0.31628416
-0.31270070
-0.31413717
-0.29952146
-0.30374168
-0.31240893
-0.32639822
-0.31640890
-0.30239467
-0.31363867
-0.30418653
-0.31368834
-0.32265119
-0.30672296
-0.29165633
-0.29765069
-0.30404661
-0.30992109
-0.32427555
-0.31247379
-0.31099502
-0.30082555
-0.30209227
-0.32376231
-0.31956596
-0.31896171
-0.30725111
-0.30069954
-0.31547181
-0.31677733
-0.31874384
-0.30980041
-0.30427047
-0.28746471
-0.28070426
-0.28527976
-0.30147068
-0.30839840
-0.29970063
-0.29942156
-0.30775667
-0.31086964
-0.31006764
-0.30582257
-0.29277074
-0.29956826
-0.29494810
-0.31361897
-0.30638825
-0.28471115
-0.25980617
-0.23651126
-0.25351488
-0.23939585
-0.24838542
-0.22081344
-0.21852469
-0.20846176
-0.20609374
-0.19997621
-0.19762166
-0.19791212
-0.18184808
-0.17600574
-0.18167953
-0.20828975
-0.21894306
-0.21157889
-0.20634127
-0.20117916
-0.19963460
-0.20847314
-0.22526094
-0.21515933
-0.18448246
-0.16830219
-0.17586033
-0.22764250
-0.24640594
-0.25464476
-0.27665335
-0.28208042
-0.28521334
-0.29072496
-0.28549933
-0.30363755
-0.30330202
-0.30772802
-0.30494008
-0.30283498
-0.30625478
-0.29343950
-0.29541803
-0.29607716
-0.30808521
-0.31776006
-0.32122871
-0.31779891
-0.30214379
-0.30215854
-0.31317405
-0.33239466
-0.35462766
-0.34430362
-0.32013072
-0.29722948
-0.29997567
-0.33526651
-0.37573531
-0.41036440
-0.43716329
-0.44337403
-0.44881817
-0.48878912
-0.51725081
-0.48805939
-0.38515272
-0.24971393
-0.09208371
0.11887512
0.39666814
0.67069988
0.82019768
0.85111379
0.71847929
0.44421783
0.07078448
-0.24868390
-0.41171604
-0.45614338
-0.42659667
-0.40203927
-0.37363994
-0.34747958
-0.33519265
-0.32556380
-0.34305408
-0.35862986
-0.37596023
-0.35502302
-0.33539709
-0.32240166
-0.31528456
-0.32511030
-0.35969693
-0.35867069
-0.35080985
-0.33359477
-0.32591967
-0.33162632
-0.35334312
-0.36085533
-0.37518115
-0.36012822
-0.34614593
-0.35490413
-0.34422864
-0.33759831
-0.35227935
-0.35626565
-0.36350207
-0.35294327
-0.35372822
-0.32228295
-0.32286054
-0.32467328
-0.34279360
-0.35660447
-0.35376207
-0.34152902
-0.32511131
-0.33357507
-0.34765697
-0.35409294
-0.37326225
-0.35752524
-0.34821682
-0.33897942
-0.35804698
-0.36111600
-0.37137056
-0.37114220
-0.36328367
-0.35188654
-0.34805485
-0.34366792
-0.33532327
-0.32862720
-0.31885263
-0.33080402
-0.34352033
-0.35041392
-0.35024275
-0.35305738
-0.35037399
-0.35413086
-0.34524421
-0.35784455
-0.36510346
-0.34528117
-0.34341763
-0.32584123
-0.34440169
-0.34017836
-0.35256381
-0.34964652
-0.34012808
-0.33361231
-0.34631186
-0.35972414
-0.37502903
-0.38185355
-0.35401375
-0.35984542
-0.35392812
-0.36694183
-0.38015359
-0.36486459
-0.36632226
-0.34840311
-0.34464499
-0.36408669
-0.36214620
-0.35523270
-0.33986594
-0.32629597
-0.32843529
-0.32968878
-0.33409980
-0.31207443
-0.30523515
-0.27986233
-0.28617694
-0.28820205
-0.29949632
-0.27895264
-0.27212772
-0.25542522
-0.25503084
-0.26616456
-0.26301413
-0.25415745
-0.24877061
-0.24215509
-0.24061976
-0.25027673
-0.26147877
-0.25824297
-0.25437493
-0.23901186
-0.24726171
-0.25047376
-0.27000121
-0.27113891
-0.26303806
-0.26933122
-0.27405912
-0.27750295
-0.28567655
-0.27488447
-0.27078038
-0.26777220
-0.26939389
-0.27949476
-0.28798774
-0.27582425
-0.27956371
-0.27029925
-0.28750669
-0.27962930
-0.29013195
-0.27856372
-0.28103663
-0.26950945
-0.27503533
-0.29237501
-0.30485189
-0.30055002
-0.29911406
-0.30155912
-0.30980055
-0.31503345
-0.30706818
-0.30947993
-0.30049715
-0.30947004
-0.30718347
-0.31519109
-0.31988955
-0.30639988
-0.31878174
-0.31030709
-0.31018425
-0.31348864
-0.32137341
-0.31005077
-0.30060228
-0.31265166
-0.30975721
-0.32036634
-0.32397856
-0.32155566
-0.31478462
-0.29994182
-0.30196344
-0.29947054
-0.31568838
-0.29966633
-0.30715539
-0.30993165
-0.29962899
-0.30632451
-0.31880654
-0.31023599
-0.29968863
-0.29257930
-0.29534501
-0.30953411
-0.32059191
-0.32274151
-0.30465587
-0.30994845
-0.28848885
-0.31129602
-0.31985672
-0.31509769
-0.28690394
-0.27884634
-0.25955705
-0.25844115
-0.26138466
-0.25451599
-0.24393699
-0.22496226
-0.21717314
-0.21938749
-0.23535791
-0.21982443
-0.20408865
-0.20463642
-0.21181495
-0.21464298
-0.23626948
-0.24475999
-0.22954891
-0.21802665
-0.22400497
-0.24031042
-0.26125746
-0.26288583
-0.25066981
-0.21731167
-0.21000214
-0.23377111
-0.26825770
-0.26908408
-0.27732928
-0.30225818
-0.31497318
-0.32182609
-0.32839159
-0.32576647
-0.31624551
-0.31620739
-0.31878158
-0.32318390
-0.32955129
-0.31866898
-0.30858748
-0.31310399
-0.33435489
-0.35444845
-0.36090368
-0.35230149
-0.33962907
-0.32700142
-0.33512869
-0.36194764
-0.36914336
-0.36285242
