-4150
235
1487
-1288
-6107
-9528
-9106
-5143
245
1860
-471
-5286
-9535
-9814
-6536
-2146
485
-910
-4865
-8820
-10645
-8013
-3480
227
521
-2869
-8115
-11161
-9546
-5731
-1482
-1633
-5197
-10302
-13506
-12254
-7870
-3199
-1661
-4722
-9827
-13677
-13256
-9293
-4620
-2432
-4763
-9722
-13113
-13248
-9827
-5151
-2519
-4344
-8299
-12970
-13649
-11161
-6628
-3636
-4201
-8593
-13981
-16741
-14697
-10596
-8064
-8501
-11922
-15024
-15080
-10680
-2003
7819
16368
20605
20364
18660
16936
13887
8544
1002
-6766
-13442
-17119
-15967
-11401
-6439
-3950
-5489
-9444
-13685
-14651
-11733
-7200
-4209
-4773
-8307
-13552
-15310
-13123
-8593
-4487
-3922
-7486
-12306
-15510
-14544
-9587
-4916
-3092
-6296
-11115
-14822
-14687
-10581
-6051
-4150
-6480
-11153
-14687
-14822
-11401
-6582
-4093
-5632
-9301
-13685
-15080
-12306
-7629
-4209
-4773
-8450
-13409
-15740
-13838
-9022
-4916
-4065
-7200
-12449
-15080
-14257
-9444
-5202
-3950
-7011
-11831
-15538
-14687
-10724
-5908
-3720
-6337
-11010
-14830
-14965
-11544
-6725
-4380
-5775
-10159
-14257
-15510
-12449
-8059
-4924
-5346
-9308
-14124
-16026
-14267
-10024
-5632
-4924
-8202
-13164
-16368
-15116
-10445
-6061
-4666
-7441
-12403
-15967
-15116
-10438
-5622
-3577
-5908
-10724
-13971
-13964
-10543
-5437
-2806
-3915
-8156
-12254
-12934
-10016
-5197
-2205
-2341
-6017
-10261
-12735
-10690
-6304
-2341
-1490
-5197
-10159
-12648
-11682
-7154
-2770
-1947
-4579
-9398
-12962
-12683
-8578
-3762
-2146
-4334
-9293
-12826
-13105
-9398
-5151
-2376
-3772
-7870
-12254
-13220
-10588
-6198
-2921
-3056
-6876
-11835
-13736
-12264
-7591
-3772
-3064
-6628
-11733
-14508
-13113
-8442
-3772
-2519
-5437
-10400
-14250
-13256
-9436
-4906
-3005
-5192
-10295
-13828
-13964
-10257
-6010
-3664
-5059
-9015
-12970
-14365
-11733
-7200
-4065
-4344
-8021
-12550
-14452
-12407
-7878
-3629
-3350
-6342
-11447
-14222
-13113
-8728
-3915
-2376
-5580
-10686
-14393
-13685
-9436
-4620
-2289
-4048
-8864
-12826
-13105
-9112
-4293
-1661
-2054
-6296
-10251
-11360
-8728
-4195
-1204
-1339
-5445
-10118
-12162
-10261
-5731
-1912
-1347
-4338
-8871
-11503
-11396
-8156
-3772
-2949
-6010
-11401
-14822
-14257
-10008
-5479
-3291
-5622
-10724
-14830
-15108
-11687
-7154
-4236
-5775
-9444
-13971
-15080
-12019
-7915
-4781
-4773
-8450
-12980
-15167
-13695
-9452
-5346
-5496
-10205
-15597
-19230
-18979
-15310
-10067
-6240
-5723
-6536
-5808
1768
13029
24284
30764
30579
24905
16649
8644
2764
-286
-2090
-6776
-12878
-17978
-18657
-15024
-9203
-5782
-6061
-10167
-14554
-16598
-14554
-10310
-6061
-5639
-9060
-13593
-16940
-16118
-11733
-7063
-5667
-8299
-13548
-16682
-15974
-11725
-7482
-5437
-7911
-12727
-16690
-16539
-13118
-8442
-5954
-7492
-11447
-16118
-17227
-14595
-9919
-6355
-6490
-10453
-14983
-16884
-15269
-10739
-6204
-5782
-9060
-13879
-17370
-15975
-11304
-6776
-5095
-8299
-13261
-17111
-16404
-12155
-7482
-5294
-7911
-12870
-16833
-16825
-13261
-8728
-6240
-7635
-12019
-16118
-17513
-15024
-10062
-7070
-7349
-11312
-15698
-18029
-16557
-12027
-7921
-7070
-10777
-15740
-18657
-17835
-13164
-8636
-7241
-10159
-15408
-18972
-18121
-13872
-9056
-6868
-8770
-13586
-16690
-16682
-12546
-7584
-4666
-6061
-9730
-13685
-14651
-12019
-7486
-4065
-4201
-7878
-12264
-14309
-12837
-8164
-4058
-3350
-6771
-11304
-14794
-13828
-8728
-4487
-2949
-5723
-11115
-14679
-13828
-9722
-5336
-3005
-5336
-10008
-13828
-13820
-10257
-5867
-3235
-4773
-9015
-12970
-14651
-11876
-7057
-4065
-4058
-8164
-12693
-15024
-13266
-8736
-4630
-4209
-7486
-12162
-15510
-14401
-9873
-5202
-3807
-6582
-11831
-15251
-14830
-10151
-5765
-3863
-6051
-11153
-14544
-14822
-11401
-6725
-4523
-5918
-10159
-14401
-15366
-12735
-7915
-4495
-4916
-8450
-13123
-15310
-13552
-9022
-5059
-4352
-7486
-12735
-15510
-14544
-10016
-5345
-3807
-6868
-11687
-15108
-14400
-10581
-5765
-3863
-6194
-10867
-14687
-14822
-10972
-5580
-2949
-4058
-8156
-12254
-13220
-10445
-5626
-1919
-2198
-5874
-10118
-11876
-10547
-6017
-1912
-1633
-4768
-9873
-12791
-12254
-7870
-3199
-1518
-3577
-8253
-11960
-12540
-8721
-4334
-2432
-5049
-10151
-14687
-14822
-11544
-6725
-4523
-6204
-10302
-14257
-15653
-13021
-8488
-5353
-5918
-9595
-14124
-16169
-14554
-10024
-5918
-5353
-8202
-13450
-16797
-15975
-11733
-8064
-7671
-11161
-16839
-21261
-21269
-16018
-7911
-1431
1103
2440
6776
14368
23369
30335
29961
19266
1431
-13542
-19945
-17314
-10777
-6498
-6347
-10167
-14983
-16884
-14983
-10596
-6347
-6212
-9203
-14166
-16940
-16118
-11590
-7063
-5810
-9015
-13548
-17398
-16833
-12584
-7911
-6296
-8340
-13442
-16976
-17111
-13691
-8728
-6526
-7921
-12019
-16261
-17370
-14595
-10205
-6641
-6490
-10310
-15126
-17170
-14983
-10882
-6633
-5782
-9489
-14309
-17513
-16547
-12162
-7492
-6240
-8871
-14120
-17541
-16976
-12870
-7768
-5723
-8054
-13156
-16690
-16968
-13261
-8585
-5810
-7206
-11018
-15831
-16797
-14023
-9489
-6498
-6633
-10596
-15412
-17600
-15698
-11025
-7206
-6498
-9919
-14595
-18085
-16690
-12449
-7635
-6383
-9158
-13977
-17541
-17119
-12870
-7625
-5580
-7482
-11725
-15259
-15108
-11544
-6582
-3950
-5202
-9301
-13542
-14365
-11590
-7057
-3493
-3772
-7591
-12264
-14309
-12550
-7878
-3915
-3636
-6628
-11590
-14651
-13542
-9301
-4487
-3092
-5867
-11115
-14679
-13685
-9865
-4763
-3148
-5622
-10438
-14114
-14536
-11115
-6439
-4380
-5632
-9730
-13971
-15080
-12449
-7772
-4924
-5059
-9022
-13838
-16026
-13838
-9452
-5203
-4638
-7772
-13021
-15653
-14830
-10445
-5632
-4523
-7154
-12546
-16253
-15545
-11296
-6766
-4579
-6766
-11869
-15545
-15824
-11974
-7154
-4380
-6204
-10445
-14257
-15510
-12592
-8202
-5067
-5346
-9165
-13838
-15883
-14411
-10024
-5203
-4924
-8202
-13164
-15939
-14973
-10302
-5489
-4523
-7011
-11831
-15251
-14687
-9865
-5049
-3005
-5192
-9722
-13256
-13534
-9827
-5151
-2376
-3485
-7584
-11682
-12648
-10302
-5626
-2491
-3056
-6590
-11406
-13593
-11692
-6876
-3056
-2491
-5626
-10159
-12505
-11825
-8013
-4487
-3235
-7011
-12260
-16253
-15974
-11869
-6909
-5008
-7339
-12155
-16261
-16396
-12975
-8156
-5667
-7206
-11447
-15116
-16368
-14023
-9346
-6498
-6633
-10453
-14840
-17314
-15841
-12170
-8637
-9073
-12637
-17886
-21090
-21555
-18458
-13645
-10819
-11304
-12975
-13105
-8248
1582
14267
23896
26859
23617
17079
8215
-97
-5867
-8672
-10497
-13593
-16118
-16797
-14023
-9489
-6355
-6633
-10024
-14840
-17027
-15269
-10739
-6633
-6069
-9203
-14166
-17370
-16261
-11733
-6919
-5954
-8871
-13548
-16968
-16690
-12155
-7339
-5437
-7625
-12441
-16404
-16825
-13261
-8442
-5954
-7206
-11447
-15688
-16654
-13593
-9060
-5926
-6204
-10024
-14411
-16741
-14983
-10310
-6061
-5353
-8774
-13879
-16940
-15545
-11161
-6061
-5095
-8156
-13261
-16253
-15974
-11725
-7196
-5437
-7196
-11725
-15688
-16110
-12689
-8013
-5524
-6776
-10445
-14973
-16368
-13879
-9203
-5782
-5775
-9452
-14697
-16598
-14840
-9738
-5775
-5067
-8631
-13879
-16940
-15402
-11018
-6204
-4809
-7727
-12689
-15394
-14544
-10151
-5336
-3434
-5622
-10008
-13399
-13534
-10543
-5580
-2519
-3772
-8013
-12111
-13649
-11161
-6485
-3064
-3342
-7019
-11978
-14166
-12550
-7448
-3199
-2635
-5912
-11304
-14365
-12970
-8442
-4058
-2519
-5723
-10686
-13964
-13399
-9579
-5049
-3291
-5192
-10008
-13399
-13964
-10829
-6582
-4093
-5059
-9158
-13542
-14651
-12162
-7629
-4065
-4058
-8164
-12837
-15167
-13552
-8736
-4630
-4065
-7629
-12735
-15653
-14257
-9730
-5202
-3950
-6582
-11544
-15108
-14544
-10151
-6051
-4006
-6337
-11439
-15259
-15251
-11831
-7154
-4380
-5632
-9730
-14114
-15510
-12735
-8917
-4924
-5346
-8879
-13552
-15740
-13838
-8879
-4487
-4065
-7629
-12449
-15366
-13828
-9158
-3915
-2663
-5723
-10686
-13534
-12970
-8864
-4334
-2146
-4048
-8578
-12111
-11960
-8969
-4006
-1661
-2913
-7011
-11110
-12934
-10445
-5483
-1919
-2770
-6590
-11692
-13021
-10833
-6017
-2627
-2635
-6628
-11876
-14937
-13971
-9873
-5059
-3950
-7011
-12260
-15394
-14687
-10581
-6194
-4579
-6766
-11725
-15545
-15824
-12403
-8013
-5095
-6347
-10445
-14973
-15939
-13450
-8917
-5067
-5346
-9022
-13838
-16312
-14697
-10310
-7349
-7356
-11922
-17600
-21805
-20267
-13593
-5775
-659
1288
3337
8215
15219
22472
26001
21034
7829
-6717
-16976
-19687
-15694
-10016
-6097
-7063
-11161
-15545
-17084
-14452
-10205
-6784
-6633
-10310
-15269
-17314
-15555
-10596
-6061
-5782
-9346
-14166
-16940
-15688
-11018
-6776
-5524
-8585
-14120
-17111
-16404
-12298
-7768
-5867
-8483
-12870
-16547
-16968
-13548
-8871
-6240
-7206
-12019
-15975
-17370
-14595
-10062
-6498
-6633
-10310
-14983
-17027
-15126
-10310
-6347
-6212
-9633
-14881
-18085
-16261
-11590
-6919
-5524
-9015
-13548
-16968
-16404
-12298
-7625
-5867
-8340
-12870
-16404
-16682
-13405
-8728
-6526
-7778
-12162
-16404
-17799
-15740
-10777
-7500
-7492
-11741
-17129
-18744
-16843
-11598
-7492
-6784
-10348
-15597
-18514
-17119
-12306
-7635
-6097
-9301
-13977
-16968
-15831
-11582
-6766
-4722
-6766
-10867
-14400
-14393
-10686
-5867
-3521
-4487
-8871
-13113
-14508
-11876
-7200
-3636
-3772
-7734
-12121
-14595
-12837
-7878
-4058
-3064
-6628
-11590
-14222
-12540
-8013
-3915
-2806
-5867
-11258
-14107
-13542
-9579
-5336
-3577
-5908
-10295
-13971
-14536
-11544
-6582
-4093
-4916
-9301
-13542
-14651
-12449
-7629
-4495
-4630
-8307
-13123
-14738
-13266
-8450
-4487
-4065
-7486
-12449
-15366
-13828
-9158
-4630
-3664
-6725
-12117
-15251
-14687
-10581
-5479
-3577
-6337
-10438
-13971
-14393
-11401
-6582
-3950
-5202
-9444
-13828
-15080
-12592
-7772
-4352
-4344
-8307
-12980
-15597
-13695
-8736
-4487
-3779
-6914
-11590
-14365
-12254
-7727
-2913
-1804
-4722
-9398
-12533
-11682
-7719
-2617
-1002
-3046
-7290
-11539
-11817
-8683
-4150
-1661
-2484
-6582
-10966
-12791
-10159
-5197
-1204
-910
-4587
-9689
-12306
-11406
-6733
-3199
-2778
-6914
-12306
-15366
-14114
-9873
-5632
-4380
-6868
-12117
-15251
-14687
-10724
-6194
-4436
-6909
-11153
-15545
-15251
-11687
-7441
-5238
-5918
-9873
-14401
-15653
-13021
-8917
-5782
-6347
-11169
-16700
-19317
-18274
-14603
-10497
-8787
-9633
-11304
-10215
-3240
9015
21412
28531
28188
20793
9503
-1236
-7147
-8483
-8585
-10344
-13872
-16404
-16539
-13261
-8442
-5810
-6776
-10875
-15402
-16654
-14309
-9776
-6355
-6204
-10167
-15269
-17314
-15555
-10739
-6347
-5926
-9489
-14738
-17513
-16261
-11447
-6776
-5524
-8871
-13834
-16968
-16261
-12298
-7625
-5867
-8054
-12727
-16404
-16539
-13261
-8871
-6526
-7492
-11590
-16118
-17227
-14738
-10205
-6784
-6776
-10310
-14840
-17170
-15412
-10739
-6490
-5782
-9776
-14881
-17656
-16261
-11876
-7206
-6383
-9015
-14120
-17111
-16404
-12584
-7768
-5723
-8054
-12441
-16261
-16682
-13548
-8871
-6526
-7778
-11733
-16118
-17656
-15167
-10777
-7213
-7492
-11312
-15985
-18601
-16414
-11741
-7492
-7070
-10777
-15453
-18514
-16690
-12306
-7492
-5810
-8585
-12975
-15824
-14544
-10438
-5622
-3720
-5765
-9865
-13399
-13534
-10257
-5437
-3235
-4058
-8156
-12397
-14222
-11161
-6485
-2921
-3056
-6876
-11549
-14023
-11978
-7162
-2770
-2348
-5769
-10732
-13936
-12540
-7870
-3485
-2663
-5580
-10686
-13820
-13399
-9150
-4620
-2862
-5049
-9865
-13399
-13964
-10686
-6010
-3664
-4916
-9015
-13256
-14651
-11876
-7343
-3779
-3915
-8164
-12693
-15167
-13123
-8164
-3915
-3493
-6914
-12306
-15223
-13828
-9158
-4916
-3664
-6582
-11544
-14822
-14257
-10295
-5479
-3577
-5765
-10295
-13971
-14107
-11258
-6153
-3950
-5059
-8871
-13542
-15080
-12306
-7629
-4065
-4487
-8164
-12837
-15167
-13123
-8307
-4058
-3636
-7057
-12306
-15080
-13542
-9015
-4344
-3092
-5580
-10972
-13964
-12826
-8291
-3618
-1717
-3905
-8291
-11682
-11960
-8396
-3434
-659
-1768
-5723
-10251
-11503
-9301
-4768
-1490
-1625
-5159
-10547
-12592
-10833
-5731
-1053
-345
-4338
-10159
-13506
-12540
-8585
-4344
-3521
-6582
-11258
-14536
-14400
-10438
-5908
-4006
-6194
-10724
-14544
-14536
-11258
-6725
-4236
-5489
-9873
-13971
-15366
-12735
-8202
-4352
-4773
-8736
-13409
-15597
-13838
-9452
-5632
-6212
-10777
-16598
-19802
-19266
-15310
-10067
-6240
-5151
-5821
-3518
3629
15604
26859
32767
30007
21185
7778
-4806
-10400
-9873
-7814
-7778
-10875
-14687
-15939
-13450
-8917
-5496
-5775
-9595
-14124
-16312
-14697
-10024
-5775
-5210
-8631
-13879
-16940
-15402
-11018
-6776
-5381
-8442
-13691
-16825
-16261
-11869
-7625
-5580
-7768
-12441
-16261
-16539
-13118
-8442
-5954
-6776
-11018
-15116
-16368
-13736
-9203
-5639
-5632
-9595
-14267
-16455
-14697
-9595
-6204
-5353
-8631
-13736
-16797
-15545
-11018
-6347
-5095
-8156
-13261
-16539
-15974
-11725
-7196
-5294
-7482
-11869
-15831
-15967
-12546
-7584
-5524
-6061
-10445
-14687
-16368
-13736
-9489
-5782
-5775
-9738
-14267
-16741
-14840
-10167
-6204
-5782
-8774
-13879
-16940
-15259
-10588
-6347
-5095
-8299
-13548
-16110
-15545
-11296
-7053
-5294
-7196
-11582
-15259
-15251
-11831
-6582
-3807
-4630
-8871
-12827
-13793
-11018
-6485
-2635
-2770
-7019
-11692
-13736
-11978
-7305
-3056
-2491
-6055
-11018
-13936
-12684
-8013
-3628
-2519
-5437
-10543
-13820
-13113
-9007
-4477
-2432
-4763
-9150
-12970
-13248
-9970
-5437
-3235
-4344
-8156
-12111
-13363
-10732
-6198
-2778
-2770
-6590
-11263
-13307
-11692
-6590
-2055
-1347
-4768
-10016
-12791
-11396
-6153
-1911
-1375
-4436
-8540
-11245
-10966
-7290
-2903
-1145
-3189
-8005
-12111
-13105
-10114
-6153
-3521
-4773
-8871
-13828
-15366
-12735
-8345
-5067
-5346
-9022
-13838
-16455
-14697
-9738
-5632
-5067
-8488
-13450
-16511
-14687
-10016
-5775
-4523
-7154
-12403
-15394
-14973
-10724
-6480
-4293
-7053
-11439
-15688
-16825
-14263
-10732
-9245
-10497
-15740
-20696
-21090
-15597
-6771
1372
5672
8434
10916
15310
20503
26034
25991
16825
1242
-12449
-19373
-17835
-11876
-6347
-4809
-8156
-13405
-16253
-16118
-11725
-7339
-5580
-7911
-12155
-15831
-16396
-12975
-8442
-5810
-7206
-11447
-15545
-16797
-14166
-9489
-5782
-6061
-10167
-14697
-17457
-15698
-10596
-6776
-5782
-9203
-14023
-17084
-15831
-11161
-6347
-5238
-8442
-13405
-16539
-16404
-12155
-7625
-6010
-8197
-12584
-15974
-16396
-12832
-8585
-5810
-6919
-11161
-15259
-16368
-14166
-9346
-5639
-5918
-9738
-14697
-16884
-15126
-10453
-6061
-5496
-9346
-14023
-17084
-15688
-11018
-6490
-5381
-8442
-13548
-16825
-16118
-11869
-7196
-5294
-7911
-12298
-16404
-16539
-13405
-8728
-6526
-7635
-11590
-15831
-17227
-14452
-9919
-6069
-6204
-9881
-14697
-17027
-15269
-10167
-5632
-5210
-8631
-13879
-16225
-14544
-9873
-5345
-3950
-6868
-12117
-14965
-14257
-9865
-5049
-3005
-5479
-10008
-13828
-14107
-10686
-6582
-3664
-5489
-9301
-13399
-14651
-11590
-6914
-3493
-3629
-7734
-12407
-14738
-12837
-8307
-4058
-3350
-7057
-12162
-14937
-13828
-9015
-4630
-3235
-6582
-11687
-14965
-14400
-10867
-6480
-4722
-6909
-10867
-14687
-15108
-11831
-7441
-4809
-5918
-10302
-14257
-15796
-13307
-8059
-4924
-5059
-8736
-13552
-15883
-14267
-9022
-5059
-4638
-7915
-12878
-15796
-14687
-9873
-5775
-4380
-7441
-12546
-15538
-15116
-11010
-6480
-4579
-7482
-12012
-15259
-15681
-12546
-7727
-5524
-6347
-10588
-14401
-15366
-12735
-8345
-4924
-5059
-9022
-13266
-16026
-14124
-9452
-5346
-4924
-8488
-13593
-16654
-15402
-10445
-6204
-5095
-7727
-12689
-15824
-15116
-11153
-6623
-4722
-6909
-11296
-14973
-15108
-11831
-6868
-4380
-5489
-10016
-14687
-15653
-13164
-8631
-4924
-5346
-9165
-13981
-16455
-14411
-9595
-5059
-4781
-8345
-13307
-16368
-14973
-10445
-5918
-4523
-7441
-12260
-15394
-14687
-10867
-6194
-4436
-6623
-11296
-15402
-15251
-12117
-7154
-4666
-5775
-10302
-14257
-15223
-12306
-7486
-3493
-3772
-7591
-12407
-14166
-12407
-7162
-2913
-2205
-5340
-10159
-13077
-11968
-7297
-2913
-1804
-5151
-10257
-13391
-12683
-8291
-4191
-2576
-5479
-9579
-13399
-13105
-9541
-4865
-2519
-4201
-8871
-13399
-14794
-12878
-8631
-5067
-5489
-9452
-14267
-16312
-14267
-9881
-5346
-5353
-8774
-14309
-17656
-15975
-11447
-6633
-5238
-8585
-13834
-16968
-16261
-12298
-7625
-6010
-8627
-13586
-17978
-19401
-15837
-12019
-10675
-12071
-15024
-16404
-14365
-8299
1385
11674
18836
21455
20503
19603
18929
17020
11396
3375
-6198
-15024
-19945
-20124
-15310
-9924
-7671
-10016
-14835
-17827
-16976
-12727
-8054
-6153
-8340
-13156
-16976
-17684
-14263
-9730
-7241
-8493
-12306
-16690
-17942
-15597
-10777
-7213
-7206
-11312
-15985
-17886
-16414
-11741
-7349
-7070
-10491
-15597
-18371
-16833
-12306
-7778
-6669
-9444
-14549
-17398
-17262
-13156
-8627
-6868
-8913
-13299
-17262
-17255
-14120
-9444
-7384
-8350
-12735
-16690
-17942
-15453
-10634
-7070
-7349
-10882
-15555
-17886
-15841
-11025
-6633
-6212
-9919
-14738
-17799
-16690
-11590
-7206
-5954
-8728
-14263
-17255
-16690
-12870
-8627
-7011
-9628
-14158
-17835
-18399
-15122
-10445
-8243
-9781
-13593
-18407
-19945
-17027
-12780
-8930
-8923
-13029
-17558
-20032
-17988
-13029
-8780
-7786
-11206
-16312
-18944
-16976
-12306
-7778
-6097
-8871
-13405
-16539
-15831
-11153
-6337
-4436
-6337
-10724
-14400
-14679
-10686
-6296
-3378
-4344
-8585
-13113
-14365
-11733
-7486
-3493
-4058
-8021
-12837
-15024
-12980
-8307
-3915
-3493
-7057
-12162
-15080
-13685
-9301
-4630
-3521
-6582
-11544
-14822
-13971
-10151
-5479
-3863
-5908
-10295
-14257
-14536
-11115
-6439
-4380
-5489
-9873
-13971
-15510
-13021
-8202
-4781
-4916
-8593
-13266
-15597
-13838
-8736
-4630
-4065
-7629
-12735
-15653
-14401
-9730
-5202
-3807
-7441
-12117
-15251
-14544
-10867
-6337
-4579
-7196
-11582
-14830
-15251
-11974
-7297
-4809
-5918
-9873
-14257
-15653
-13164
-8345
-4638
-5203
-8736
-13552
-15883
-13838
-9165
-4773
-4352
-7915
-13307
-16225
-14401
-9444
-4773
-3378
-5580
-10686
-13820
-13542
-9150
-4191
-1717
-4191
-8578
-12397
-12533
-8969
-4436
-1947
-3056
-7441
-11539
-13077
-10875
-6055
-2491
-3199
-7019
-10976
-12735
-10690
-6447
-3199
-2921
-6628
-12019
-15223
-14544
-10016
-5775
-4523
-7870
-12975
-16253
-15259
-11010
-6623
-4722
-6909
-11582
-15402
-15681
-12403
-7727
-5381
-6633
-10445
-14687
-16511
-13879
-9346
-5926
-6061
-9881
-14983
-17886
-16986
-13315
-9781
-9789
-14068
-19603
-20804
-16118
-7297
1380
8641
13021
15213
17802
20513
22759
20277
11018
-2188
-13872
-19981
-19544
-15265
-9587
-6240
-7492
-11876
-15831
-16940
-14452
-10205
-7070
-6920
-10882
-15555
-17600
-15985
-11025
-6776
-6212
-10062
-14595
-17656
-15831
-11304
-6633
-5810
-8585
-13405
-16825
-16261
-12441
-7768
-5723
-8054
-12298
-16690
-16825
-13261
-8728
-6097
-7492
-11590
-15831
-16940
-14452
-9919
-6212
-6920
-10739
-15269
-17314
-15412
-10596
-6490
-5926
-9633
-14452
-17084
-15688
-11161
-6919
-5524
-8442
-13977
-17255
-16547
-12441
-7768
-6153
-8340
-12727
-16261
-16825
-13548
-9015
-6812
-7492
-11876
-15831
-17227
-14881
-10348
-6784
-6776
-10739
-15269
-17600
-15841
-11169
-7063
-6355
-9776
-14881
-17942
-16547
-12019
-7206
-6240
-8871
-13691
-16396
-15545
-11296
-6337
-4293
-6337
-10581
-14114
-14107
-10972
-6153
-3521
-4344
-8728
-12827
-13936
-11304
-6485
-2778
-3199
-6733
-11692
-13736
-12121
-7019
-3199
-2491
-6198
-11304
-14365
-12827
-8156
-3772
-2663
-5723
-10829
-13820
-13542
-9293
-4477
-3005
-5192
-9579
-13399
-14107
-10543
-5867
-3521
-4773
-8871
-12970
-14508
-12019
-7772
-4065
-3915
-8021
-12980
-15024
-13552
-8450
-4201
-3779
-7629
-12449
-15796
-14114
-9158
-4630
-3807
-6868
-11687
-15394
-14400
-10438
-6051
-4293
-6480
-10867
-14544
-14965
-11687
-6868
-4236
-5202
-9587
-13685
-14937
-12449
-7772
-4352
-4201
-8021
-12837
-15310
-13266
-8164
-4344
-3636
-7200
-12019
-15510
-13971
-9158
-4487
-3521
-6296
-11687
-14822
-14114
-9865
-5192
-3148
-4763
-9007
-12254
-12533
-9112
-4436
-1804
-2484
-6296
-10966
-12219
-9015
-4338
-1061
-1625
-5588
-10404
-12735
-10976
-5874
-1768
-1633
-4768
-9444
-11932
-9965
-6296
-2627
-1804
-4865
-10257
-13964
-13685
-9722
-5479
-3720
-6337
-11010
-14544
-14965
-11544
-6868
-4380
-5632
-9873
-13971
-15510
-13021
-8631
-4638
-4916
-8593
-13266
-15310
-13838
-9165
-4916
-4781
-9346
-15740
-19373
-18836
-15024
-11212
-8672
-8442
-9255
-7382
-807
11169
23282
30764
30150
21757
8494
-4806
-11258
-10588
-8243
-7349
-10445
-14544
-16082
-13736
-9060
-5496
-5632
-9595
-14411
-16741
-14983
-10024
-5918
-5639
-8774
-14023
-17227
-15975
-11161
-6633
-5381
-8299
-13691
-16825
-16118
-12012
-7339
-5580
-7482
-12298
-15831
-16110
-12832
-8156
-5810
-6633
-10875
-15116
-16511
-14166
-9346
-5639
-5775
-9595
-14124
-16741
-14983
-10024
-6061
-5210
-8774
-13450
-16368
-15116
-10588
-5775
-4809
-8013
-12689
-15967
-15831
-11439
-6909
-5008
-7482
-11869
-15688
-16253
-12546
-7870
-5238
-6633
-11018
-14973
-16368
-13593
-8917
-5496
-5918
-9881
-14411
-16884
-14983
-10024
-6061
-5353
-8774
-13879
-16654
-15545
-10588
-6061
-4809
-7870
-12975
-15394
-14830
-10295
-5622
-3720
-5622
-10295
-13971
-14393
-10972
-5723
-2949
-3772
-7727
-11968
-13077
-10732
-6198
-2205
-2341
-6160
-11406
-13736
-11835
-7162
-3056
-2348
-5769
-10588
-13793
-12397
-7870
-3342
-1947
-5008
-10257
-13534
-13113
-8864
-4048
-2289
-4763
-9007
-12683
-13105
-9827
-5294
-2949
-4058
-8299
-12827
-14222
-11161
-6771
-3064
-3342
-7448
-11978
-14595
-12837
-8021
-4058
-3207
-6771
-11876
-15080
-13542
-8728
-4630
-3092
-6153
-11258
-14250
-13399
-9579
-5049
-3148
-5622
-10008
-13971
-14107
-10686
-6439
-3521
-4773
-8871
-13113
-14794
-12019
-7200
-3493
-3772
-7305
-11835
-14023
-12407
-7878
-3629
-3207
-6914
-11876
-14651
-13256
-8442
-4201
-2806
-6153
-10829
-13677
-12540
-7862
-3618
-1145
-3475
-7433
-11396
-11531
-7967
-2862
56
-1196
-5151
-9393
-10788
-8728
-4195
-631
-1053
-5016
-9689
-11876
-10118
-5016
-194
513
-3337
-9730
-12934
-11682
-7727
-3485
-2519
-5723
-10543
-14393
-13685
-9579
-4763
-2862
-5336
-9865
-13828
-13964
-10543
-5867
-3378
-4916
-9158
-13542
-14794
-12162
-7772
-4209
-4344
-8021
-12837
-15597
-14267
-10310
-7206
-7356
-11350
-17457
-20804
-18264
-10588
-2341
3061
5867
8774
13366
18510
23760
24713
18601
5396
-8721
-17262
-18542
-13834
-8156
-4809
-5775
-10159
-14257
-15653
-12878
-8345
-4495
-4773
-8736
-13266
-15310
-13838
-8879
-4773
-4209
-7772
-12878
-16082
-14687
-10445
-5632
-4236
-7584
-12260
-15394
-15116
-11010
-6480
-4293
-6623
-10581
-14544
-14822
-11687
-7154
-4380
-5489
-9587
-14257
-15796
-13021
-8631
-4781
-5059
-8879
-14124
-16169
-14267
-9452
-5203
-4495
-7915
-12735
-15366
-13971
-9301
-5202
-4236
-7154
-11974
-15538
-15116
-11296
-6337
-4579
-6766
-10867
-14830
-14822
-11974
-7011
-4523
-5632
-9730
-13971
-15653
-13307
-8917
-5639
-5203
-9308
-13838
-16312
-14697
-9595
-5632
-4638
-7915
-13307
-16082
-14687
-9873
-5059
-3807
-6582
-11544
-14393
-13828
-9150
-4620
-2576
-4906
-9007
-12826
-12819
-9398
-4865
-1947
-2913
-7154
-11396
-12648
-10159
-5626
-2062
-2341
-5874
-10833
-13021
-11549
-6876
-2627
-2348
-5912
-10875
-13936
-12397
-7870
-3342
-2090
-5151
-10257
-13391
-13113
-8864
-4620
-2289
-4620
-9007
-13113
-13248
-9970
-5580
-3092
-4201
-8585
-13113
-14651
-12019
-6914
-3493
-3629
-7878
-12550
-14881
-12980
-7878
-4201
-3493
-6914
-11876
-14937
-13399
-8728
-4630
-3235
-6296
-11258
-14679
-14114
-9722
-5049
-2862
-5336
-9579
-13828
-14393
-10686
-6010
-3521
-4487
-8585
-12827
-14222
-11876
-7343
-3922
-3772
-7878
-11978
-14738
-12980
-8164
-3342
-2635
-5483
-10302
-13220
-11825
-7154
-2198
-659
-3434
-8683
-11674
-10823
-6860
-2331
-286
-2903
-7862
-11539
-11817
-8683
-4293
-1947
-3056
-7011
-10537
-11789
-9873
-6055
-2491
-2913
-7448
-12550
-15024
-13409
-8736
-4344
-3636
-6914
-11876
-15080
-13828
-9301
-4916
-3950
-7011
-11974
-15394
-14973
-10867
-6337
-4722
-6623
-11010
-15116
-15251
-11831
-7154
-4809
-6490
-11590
-16547
-18228
-16312
-12924
-10075
-9066
-10167
-11120
-9015
-1247
11296
22556
27700
25853
17743
6097
-3526
-7297
-7492
-7814
-10445
-14406
-16682
-15688
-11582
-7053
-5008
-7482
-12441
-15831
-16396
-12975
-8156
-5381
-6204
-10588
-14687
-16511
-13736
-9060
-5210
-5632
-9452
-14411
-16741
-14840
-10167
-6061
-5639
-9346
-14023
-17084
-15975
