0.003000725675
-0.002107256782
-0.006237951357
-0.006111515769
-0.001334116802
0.004972411945
0.008183478702
0.005551835398
-0.001508251285
-0.008093694052
-0.009207441586
-0.003533014944
0.005251639229
0.010828547863
0.008779786817
0.000053402179
-0.009343175519
-0.012471086128
-0.006579265447
0.004559108828
0.013030116834
0.012404366654
0.002603999959
-0.009665101903
-0.015496337098
-0.010253268919
0.002776891359
0.014405949014
0.016031298332
0.006001923806
-0.008849208784
-0.017856779928
-0.014195574149
-0.000044860251
0.014658898456
0.019210910388
0.009944771189
-0.006845904163
-0.019179899261
-0.017956880240
-0.003680469033
0.013637408697
0.021512220305
0.014008229147
-0.003788564238
-0.019216321797
-0.021068885542
-0.007754433961
0.011372256063
0.022598311357
0.017710601375
0.000017490148
-0.017889907030
-0.023122810847
-0.011796743337
0.008081064960
0.022288013756
0.020591258442
0.004138552949
-0.015317962530
0.976159667214
-0.015317962530
0.004138552949
0.020591258442
0.022288013756
0.008081064960
-0.011796743337
-0.023122810847
-0.017889907030
0.000017490148
0.017710601375
0.022598311357
0.011372256063
-0.007754433961
-0.021068885542
-0.019216321797
-0.003788564238
0.014008229147
0.021512220305
0.013637408697
-0.003680469033
-0.017956880240
-0.019179899261
-0.006845904163
0.009944771189
0.019210910388
0.014658898456
-0.000044860251
-0.014195574149
-0.017856779928
-0.008849208784
0.006001923806
0.016031298332
0.014405949014
0.002776891359
-0.010253268919
-0.015496337098
-0.009665101903
0.002603999959
0.012404366654
0.013030116834
0.004559108828
-0.006579265447
-0.012471086128
-0.009343175519
0.000053402179
0.008779786817
0.010828547863
0.005251639229
-0.003533014944
-0.009207441586
-0.008093694052
-0.001508251285
0.005551835398
0.008183478702
0.004972411945
-0.001334116802
-0.006111515769
-0.006237951357
-0.002107256782
0.003000725675
