98
-69
-204
-200
-44
163
268
182
-49
-265
-302
-116
172
355
288
2
-306
-409
-216
149
427
406
85
-317
-508
-336
91
472
525
197
-290
-585
-465
-1
480
630
326
-224
-628
-588
-121
447
705
459
-124
-630
-690
-254
373
741
580
1
-586
-758
-387
265
730
675
136
-502
31987
-502
136
675
730
265
-387
-758
-586
1
580
741
373
-254
-690
-630
-124
459
705
447
-121
-588
-628
-224
326
630
480
-1
-465
-585
-290
197
525
472
91
-336
-508
-317
85
406
427
149
-216
-409
-306
2
288
355
172
-116
-302
-265
-49
182
268
163
-44
-200
-204
-69
98
